0.000010 0.720092 0.000010 0.000010 0.000010 0.000010 0.000010 0.000010 0.000010 0.096787 0.125426 0.057564 0.000010 0.000010 0.000010 0.000010 0.000010
0.083268 0.618596 0.000010 0.011302 0.008087 0.000010 0.000010 0.000010 0.000010 0.000052 0.000010 0.146288 0.000010 0.000010 0.132308 0.000010 0.000010
0.230139 0.466545 0.141664 0.000010 0.000010 0.000010 0.000010 0.000010 0.000010 0.146425 0.015106 0.000010 0.000010 0.000010 0.000010 0.000010 0.000010
0.000010 0.790741 0.134574 0.074545 0.000010 0.000010 0.000010 0.000010 0.000010 0.000010 0.000010 0.000010 0.000010 0.000010 0.000010 0.000010 0.000010
0.245051 0.517097 0.053673 0.000010 0.000010 0.000010 0.000010 0.000010 0.000010 0.011618 0.117498 0.000010 0.000010 0.000010 0.046630 0.000010 0.008334
0.000010 0.000010 0.000010 0.000010 0.000010 0.000010 0.000010 0.000010 0.000010 0.999840 0.000010 0.000010 0.000010 0.000010 0.000010 0.000010 0.000010
0.070519 0.608874 0.003016 0.000010 0.138723 0.000010 0.000010 0.000010 0.021146 0.086430 0.000010 0.000010 0.067604 0.000010 0.003598 0.000010 0.000010
0.035906 0.686474 0.146796 0.000010 0.000010 0.044711 0.000010 0.000010 0.000010 0.000010 0.085993 0.000010 0.000010 0.000010 0.000010 0.000010 0.000010
0.000010 0.742941 0.106807 0.000010 0.000010 0.000010 0.000010 0.000010 0.000010 0.000010 0.134443 0.000010 0.000010 0.000010 0.000010 0.000010 0.015679
0.000010 0.725565 0.000010 0.000010 0.111880 0.000010 0.000010 0.000010 0.092237 0.000010 0.000010 0.067706 0.000010 0.000010 0.000010 0.002493 0.000010
0.098285 0.681199 0.000010 0.000010 0.000010 0.034722 0.000010 0.000010 0.000010 0.000010 0.000010 0.106542 0.000010 0.000010 0.079132 0.000010 0.000010
0.126022 0.517179 0.000010 0.000010 0.000010 0.012006 0.000010 0.000010 0.081127 0.162902 0.075816 0.000010 0.024849 0.000010 0.000010 0.000010 0.000010
0.000010 0.677714 0.106635 0.000010 0.066821 0.000010 0.000010 0.000010 0.000010 0.144165 0.004545 0.000010 0.000010 0.000010 0.000010 0.000010 0.000010
0.000010 0.843736 0.000010 0.000010 0.107763 0.000010 0.000010 0.000010 0.000010 0.000010 0.000010 0.000010 0.000010 0.000010 0.048362 0.000010 0.000010
0.000010 0.826697 0.000010 0.109367 0.063796 0.000010 0.000010 0.000010 0.000010 0.000010 0.000010 0.000010 0.000010 0.000010 0.000010 0.000010 0.000010
0.000010 0.847364 0.000010 0.109409 0.000010 0.000010 0.000010 0.000010 0.000010 0.000010 0.000010 0.000010 0.000010 0.000010 0.043087 0.000010 0.000010
0.000010 0.748035 0.000010 0.000010 0.000010 0.001196 0.000010 0.000010 0.092332 0.000010 0.000010 0.143185 0.015131 0.000010 0.000010 0.000010 0.000010
0.000010 0.768783 0.090604 0.000010 0.000010 0.000010 0.000010 0.000010 0.000010 0.000010 0.000010 0.140472 0.000010 0.000010 0.000010 0.000010 0.000010
0.000010 0.512256 0.000010 0.000010 0.113012 0.000010 0.000010 0.000010 0.097154 0.270367 0.000010 0.000010 0.007091 0.000010 0.000010 0.000010 0.000010
0.103998 0.637273 0.000010 0.000010 0.000010 0.000010 0.000010 0.000010 0.019553 0.074141 0.000010 0.164915 0.000010 0.000010 0.000010 0.000010 0.000010
0.006760 0.818124 0.000010 0.000010 0.010642 0.000010 0.000010 0.000010 0.077411 0.000010 0.086942 0.000010 0.000010 0.000010 0.000010 0.000010 0.000010
0.000010 0.598843 0.000010 0.000010 0.000010 0.000010 0.000010 0.000010 0.070650 0.000010 0.154568 0.000010 0.000010 0.000010 0.175809 0.000010 0.000010
0.000010 0.653215 0.000010 0.000010 0.043597 0.000010 0.000010 0.000010 0.000010 0.219342 0.083715 0.000010 0.000010 0.000010 0.000010 0.000010 0.000010
0.073286 0.503811 0.000010 0.000010 0.133851 0.000010 0.000010 0.000010 0.143876 0.145055 0.000010 0.000010 0.000010 0.000010 0.000010 0.000010 0.000010
0.000010 0.000010 0.000010 0.000010 0.000010 0.000010 0.000010 0.000010 0.000010 0.999840 0.000010 0.000010 0.000010 0.000010 0.000010 0.000010 0.000010
0.000010 0.000010 0.000010 0.000010 0.000010 0.000010 0.000010 0.000010 0.000010 0.999840 0.000010 0.000010 0.000010 0.000010 0.000010 0.000010 0.000010
0.000010 0.479706 0.000010 0.000010 0.177009 0.000010 0.000010 0.000010 0.052774 0.290381 0.000010 0.000010 0.000010 0.000010 0.000010 0.000010 0.000010
0.033480 0.686901 0.000010 0.133256 0.000010 0.000010 0.000010 0.000010 0.049116 0.093288 0.000010 0.000010 0.000010 0.000010 0.000010 0.000010 0.003850
0.000010 0.547389 0.000010 0.029833 0.000010 0.000010 0.000010 0.000010 0.000010 0.380326 0.042323 0.000010 0.000010 0.000010 0.000010 0.000010 0.000010
0.160372 0.531719 0.000010 0.088202 0.000010 0.000010 0.000010 0.000010 0.000010 0.219577 0.000010 0.000010 0.000010 0.000010 0.000010 0.000010 0.000010
0.000010 0.665743 0.000010 0.000010 0.000010 0.010635 0.000010 0.000010 0.031785 0.189530 0.000010 0.053131 0.000010 0.000010 0.000010 0.000010 0.049067
0.134012 0.612184 0.000010 0.000010 0.000011 0.000010 0.000010 0.000010 0.000010 0.000010 0.000010 0.206001 0.000010 0.000010 0.047672 0.000010 0.000010
0.000010 0.782002 0.101332 0.112485 0.000010 0.000010 0.000010 0.000010 0.000010 0.000010 0.000010 0.000010 0.004052 0.000010 0.000010 0.000010 0.000010
0.000010 0.758955 0.032740 0.000010 0.000010 0.000010 0.000010 0.000010 0.000010 0.000010 0.000010 0.094142 0.004794 0.000010 0.093607 0.000010 0.015652
0.000010 0.672960 0.051341 0.000010 0.034322 0.000010 0.000010 0.000010 0.000010 0.000010 0.060358 0.000010 0.103318 0.000010 0.077591 0.000010 0.000010
0.051933 0.000010 0.360010 0.000010 0.000010 0.000010 0.000010 0.000010 0.128091 0.034753 0.000010 0.000010 0.000010 0.000010 0.425094 0.000010 0.000010
0.000010 0.000010 0.000010 0.000010 0.000010 0.000010 0.000010 0.000010 0.000010 0.000010 0.000010 0.000010 0.000010 0.000010 0.999840 0.000010 0.000010
0.000010 0.000010 0.304979 0.000010 0.000010 0.000010 0.000010 0.000010 0.000010 0.000010 0.000010 0.000010 0.015301 0.000010 0.679581 0.000010 0.000010
0.026663 0.000010 0.314787 0.000010 0.000010 0.003157 0.000010 0.000010 0.000010 0.159328 0.000010 0.000010 0.000010 0.000010 0.495945 0.000010 0.000010
0.000010 0.155308 0.307356 0.000010 0.014535 0.000010 0.000010 0.000010 0.212726 0.000010 0.000010 0.000010 0.000010 0.000010 0.309955 0.000010 0.000010
0.008597 0.142312 0.201817 0.000010 0.000010 0.000010 0.000010 0.000010 0.075018 0.045698 0.086033 0.000010 0.000010 0.000010 0.440426 0.000010 0.000010
0.000010 0.000010 0.000010 0.000010 0.000010 0.000010 0.000010 0.000010 0.148372 0.187712 0.015337 0.000010 0.000010 0.000010 0.648450 0.000010 0.000010
0.000010 0.000010 0.000010 0.031402 0.000010 0.000010 0.000010 0.000010 0.000010 0.348471 0.000010 0.000010 0.000010 0.000010 0.619987 0.000010 0.000010
0.000010 0.077969 0.292194 0.000010 0.004484 0.019974 0.000010 0.000010 0.000010 0.066292 0.000010 0.000010 0.016833 0.000010 0.522155 0.000010 0.000010
0.000010 0.000010 0.000010 0.000010 0.000010 0.000010 0.000010 0.000010 0.000010 0.000010 0.000010 0.000010 0.000010 0.000010 0.999840 0.000010 0.000010
0.000010 0.121557 0.119168 0.000010 0.000010 0.000010 0.000010 0.000010 0.047261 0.000010 0.000010 0.162728 0.000010 0.000010 0.549165 0.000010 0.000010
0.000010 0.000010 0.215357 0.000010 0.000010 0.000010 0.000010 0.000010 0.039967 0.119653 0.000010 0.083984 0.000010 0.000010 0.540918 0.000010 0.000010
0.000010 0.000010 0.000010 0.000010 0.000010 0.000010 0.000010 0.000010 0.000010 0.000010 0.000010 0.000010 0.000010 0.000010 0.999840 0.000010 0.000010
0.000010 0.000010 0.000010 0.000010 0.000010 0.000010 0.000010 0.000010 0.000010 0.000010 0.000010 0.000010 0.000010 0.000010 0.999840 0.000010 0.000010
0.000010 0.000010 0.277352 0.000010 0.000010 0.000010 0.000010 0.000010 0.095631 0.315790 0.000010 0.000010 0.000010 0.000010 0.311097 0.000010 0.000010
0.000010 0.000010 0.000010 0.000010 0.142201 0.000010 0.000010 0.000010 0.000010 0.000010 0.000010 0.000010 0.000010 0.000010 0.857649 0.000010 0.000010
0.014227 0.007303 0.262060 0.000010 0.000010 0.000010 0.000010 0.000010 0.091689 0.000010 0.000010 0.000010 0.000010 0.000010 0.624601 0.000010 0.000010
0.000010 0.000010 0.130542 0.000010 0.000010 0.041777 0.000010 0.000010 0.109306 0.161204 0.000010 0.016948 0.000010 0.000010 0.540113 0.000010 0.000010
0.000010 0.000010 0.000010 0.000010 0.000010 0.000010 0.000010 0.000010 0.000010 0.401989 0.000010 0.064505 0.000010 0.000010 0.533366 0.000010 0.000010
0.000010 0.000010 0.410314 0.000010 0.000010 0.000010 0.000010 0.000010 0.237110 0.352436 0.000010 0.000010 0.000010 0.000010 0.000010 0.000010 0.000010
0.043801 0.000010 0.411046 0.000010 0.000010 0.012811 0.000010 0.000010 0.112384 0.000010 0.022173 0.000010 0.000010 0.000010 0.397675 0.000010 0.000010
0.000010 0.000010 0.303767 0.000010 0.000010 0.000010 0.000010 0.000010 0.064123 0.234677 0.008689 0.000010 0.027638 0.000010 0.360996 0.000010 0.000010
0.005363 0.000010 0.425287 0.000010 0.110827 0.000010 0.000010 0.000010 0.093465 0.000010 0.000010 0.000010 0.032305 0.000010 0.300996 0.003348 0.028320
0.034888 0.000010 0.635281 0.000010 0.000010 0.000010 0.000010 0.000010 0.145951 0.074324 0.000010 0.109436 0.000010 0.000010 0.000010 0.000010 0.000010
0.000010 0.000010 0.546490 0.110884 0.000010 0.000010 0.000010 0.000010 0.000010 0.000010 0.000010 0.000010 0.000010 0.000010 0.342486 0.000010 0.000010
0.031022 0.000010 0.514042 0.000010 0.000010 0.000010 0.000010 0.000010 0.000010 0.049212 0.000010 0.045546 0.000010 0.000010 0.276125 0.000010 0.083943
0.000010 0.000010 0.999840 0.000010 0.000010 0.000010 0.000010 0.000010 0.000010 0.000010 0.000010 0.000010 0.000010 0.000010 0.000010 0.000010 0.000010
0.000010 0.000010 0.999840 0.000010 0.000010 0.000010 0.000010 0.000010 0.000010 0.000010 0.000010 0.000010 0.000010 0.000010 0.000010 0.000010 0.000010
0.000010 0.000010 0.799104 0.000010 0.000010 0.000010 0.000010 0.000010 0.000010 0.200746 0.000010 0.000010 0.000010 0.000010 0.000010 0.000010 0.000010
0.000010 0.000010 0.999840 0.000010 0.000010 0.000010 0.000010 0.000010 0.000010 0.000010 0.000010 0.000010 0.000010 0.000010 0.000010 0.000010 0.000010
0.000010 0.000010 0.999840 0.000010 0.000010 0.000010 0.000010 0.000010 0.000010 0.000010 0.000010 0.000010 0.000010 0.000010 0.000010 0.000010 0.000010
0.000010 0.000010 0.412730 0.000010 0.000010 0.000010 0.000010 0.000010 0.000010 0.000010 0.098360 0.000010 0.000010 0.000010 0.488770 0.000010 0.000010
0.000010 0.000010 0.999840 0.000010 0.000010 0.000010 0.000010 0.000010 0.000010 0.000010 0.000010 0.000010 0.000010 0.000010 0.000010 0.000010 0.000010
0.000010 0.000010 0.383703 0.000010 0.000010 0.023821 0.000010 0.000010 0.116719 0.148394 0.109929 0.000010 0.000010 0.000010 0.189355 0.000010 0.027980
0.000010 0.000010 0.483224 0.048431 0.000010 0.000010 0.000010 0.000010 0.085759 0.024284 0.000010 0.022529 0.000010 0.000010 0.335662 0.000010 0.000010
0.000010 0.000010 0.472757 0.081491 0.000010 0.000010 0.000010 0.000010 0.000010 0.000010 0.000010 0.000010 0.000010 0.000010 0.445612 0.000010 0.000010
0.000010 0.000010 0.488831 0.000010 0.000010 0.000010 0.000010 0.000010 0.000010 0.142860 0.000010 0.008741 0.000010 0.000010 0.359438 0.000010 0.000010
0.000010 0.000010 0.349513 0.000010 0.173401 0.000010 0.000010 0.000010 0.131167 0.000010 0.000010 0.000010 0.000010 0.000010 0.345789 0.000010 0.000010
0.000010 0.136469 0.718897 0.144495 0.000010 0.000010 0.000010 0.000010 0.000010 0.000010 0.000010 0.000010 0.000010 0.000010 0.000010 0.000010 0.000010
0.000010 0.000010 0.999840 0.000010 0.000010 0.000010 0.000010 0.000010 0.000010 0.000010 0.000010 0.000010 0.000010 0.000010 0.000010 0.000010 0.000010
0.009459 0.000010 0.521918 0.000010 0.000010 0.000010 0.000010 0.000010 0.000010 0.000010 0.135521 0.000010 0.000010 0.000012 0.332969 0.000010 0.000010
0.000010 0.000010 0.999840 0.000010 0.000010 0.000010 0.000010 0.000010 0.000010 0.000010 0.000010 0.000010 0.000010 0.000010 0.000010 0.000010 0.000010
0.000010 0.000010 0.999840 0.000010 0.000010 0.000010 0.000010 0.000010 0.000010 0.000010 0.000010 0.000010 0.000010 0.000010 0.000010 0.000010 0.000010
0.000010 0.000010 0.999840 0.000010 0.000010 0.000010 0.000010 0.000010 0.000010 0.000010 0.000010 0.000010 0.000010 0.000010 0.000010 0.000010 0.000010
0.000010 0.000010 0.000010 0.000010 0.000010 0.000010 0.000010 0.000010 0.999840 0.000010 0.000010 0.000010 0.000010 0.000010 0.000010 0.000010 0.000010
0.000010 0.000010 0.839904 0.000010 0.000010 0.000010 0.000010 0.000010 0.000010 0.000010 0.000010 0.159946 0.000010 0.000010 0.000010 0.000010 0.000010
0.000010 0.000010 0.000010 0.000010 0.000010 0.018726 0.000010 0.000010 0.000010 0.000010 0.103072 0.000010 0.000010 0.000010 0.114855 0.000010 0.763216
0.000010 0.000010 0.068692 0.000010 0.000010 0.000010 0.000010 0.000010 0.000010 0.000938 0.093426 0.076758 0.000010 0.000010 0.000010 0.000010 0.760066
0.085798 0.000010 0.000010 0.000010 0.000010 0.000010 0.000010 0.000010 0.000010 0.000010 0.154862 0.000010 0.000010 0.000010 0.000010 0.000010 0.759200
0.000010 0.000010 0.000010 0.073303 0.000010 0.027656 0.000010 0.000010 0.000010 0.000010 0.000010 0.000010 0.000010 0.000010 0.102198 0.000010 0.796712
0.056274 0.000010 0.000010 0.000010 0.000010 0.000010 0.000010 0.000010 0.000010 0.000010 0.188874 0.000010 0.000010 0.000010 0.000010 0.000010 0.754712
0.000010 0.000010 0.030177 0.000010 0.000010 0.058061 0.000010 0.000010 0.000010 0.000010 0.186394 0.028441 0.000010 0.000010 0.000010 0.000010 0.696806
0.000010 0.004174 0.000010 0.157365 0.000010 0.000010 0.000010 0.000010 0.000010 0.000010 0.075324 0.000010 0.000010 0.000010 0.000010 0.005981 0.757036
0.000010 0.000010 0.000010 0.000010 0.287911 0.000010 0.000010 0.000010 0.000010 0.052888 0.000010 0.000010 0.000010 0.000010 0.000010 0.003100 0.655971
0.013787 0.002120 0.119836 0.000010 0.000010 0.018648 0.000010 0.000010 0.000010 0.000010 0.064554 0.000010 0.056344 0.000010 0.000010 0.000010 0.724611
0.000010 0.000010 0.000010 0.000010 0.055769 0.000010 0.000010 0.000010 0.000010 0.072472 0.000010 0.114068 0.000010 0.000010 0.000010 0.000010 0.757561
0.000010 0.008569 0.000010 0.124718 0.000010 0.049307 0.000010 0.000010 0.000010 0.000010 0.011623 0.065269 0.000010 0.000010 0.042490 0.000010 0.697923
0.028026 0.014033 0.051622 0.062411 0.000010 0.000010 0.000010 0.000010 0.000010 0.000010 0.090011 0.000010 0.000010 0.000010 0.000010 0.000010 0.753787
0.000010 0.000010 0.098847 0.018885 0.000010 0.000010 0.000010 0.000010 0.027947 0.000010 0.058415 0.000010 0.043359 0.000010 0.000010 0.000010 0.752437
0.000010 0.000010 0.000010 0.000010 0.249867 0.000010 0.000010 0.000010 0.000010 0.000010 0.000010 0.000010 0.000010 0.000010 0.000010 0.000010 0.749982
0.000010 0.000010 0.000010 0.079658 0.000010 0.025709 0.000010 0.000010 0.000010 0.031593 0.000010 0.152068 0.000010 0.000010 0.008638 0.000010 0.702225
0.000010 0.000010 0.043705 0.000010 0.212652 0.000010 0.000010 0.000010 0.000010 0.000010 0.000010 0.000010 0.043552 0.000010 0.000010 0.000010 0.699961
0.000010 0.000010 0.000010 0.000012 0.000010 0.000010 0.000010 0.000010 0.018063 0.000010 0.068084 0.078608 0.059577 0.000010 0.000010 0.000010 0.775545
0.000010 0.000010 0.025059 0.000010 0.209146 0.000010 0.000010 0.000010 0.052145 0.000010 0.000010 0.000010 0.000010 0.000010 0.000010 0.000010 0.713521
0.000010 0.000010 0.000010 0.000010 0.000010 0.024322 0.000010 0.000010 0.000010 0.079822 0.081265 0.000010 0.000010 0.000010 0.000010 0.000010 0.814461
0.000010 0.000010 0.000010 0.000010 0.000010 0.000010 0.000010 0.000010 0.066770 0.037551 0.000010 0.104525 0.000010 0.000010 0.000010 0.000010 0.791024
0.000010 0.000010 0.000010 0.007208 0.000010 0.061118 0.000010 0.000010 0.000010 0.000010 0.000010 0.116506 0.012366 0.000010 0.000010 0.000010 0.802681
0.000010 0.040484 0.000010 0.049687 0.060098 0.061165 0.000010 0.000010 0.040617 0.000010 0.004472 0.022362 0.000010 0.000010 0.000010 0.000010 0.721026
0.000010 0.000010 0.000010 0.000010 0.000010 0.000010 0.000010 0.000010 0.000010 0.000010 0.036212 0.156277 0.000010 0.000010 0.000010 0.000010 0.807371
0.000010 0.000010 0.107290 0.177047 0.000010 0.000010 0.000010 0.000010 0.000010 0.000010 0.000010 0.000010 0.012240 0.000010 0.000010 0.000010 0.703292
0.000010 0.000010 0.000010 0.000010 0.000010 0.000010 0.000010 0.000010 0.000010 0.000010 0.014070 0.154960 0.000010 0.000010 0.021177 0.000010 0.809663
0.000010 0.000010 0.000010 0.000010 0.000010 0.000010 0.000010 0.000010 0.000010 0.000010 0.000010 0.306478 0.000010 0.000010 0.005212 0.000010 0.688170
0.000010 0.000010 0.000010 0.000010 0.000010 0.000010 0.000010 0.000010 0.000010 0.000010 0.117571 0.086591 0.000010 0.000010 0.000010 0.000010 0.795698
0.000010 0.043810 0.000010 0.090229 0.067941 0.000010 0.000010 0.000010 0.000010 0.000010 0.000010 0.000010 0.000010 0.000010 0.000010 0.000010 0.797889
0.000010 0.000010 0.000010 0.004222 0.217076 0.000010 0.000010 0.000010 0.068094 0.000010 0.000010 0.000010 0.000010 0.000010 0.000010 0.000010 0.710478
0.000010 0.000010 0.000010 0.000010 0.000010 0.000010 0.001721 0.000010 0.000010 0.000010 0.000010 0.234548 0.000010 0.000010 0.000010 0.000010 0.763591
0.000010 0.000010 0.000010 0.000010 0.000010 0.014628 0.000010 0.000010 0.000010 0.000010 0.116980 0.000010 0.000010 0.000010 0.023448 0.000010 0.844815
0.000010 0.000010 0.077571 0.000010 0.000010 0.074217 0.000010 0.000010 0.000010 0.000010 0.101652 0.000010 0.019214 0.000010 0.000010 0.000010 0.727227
0.000010 0.000010 0.000010 0.000010 0.000010 0.028219 0.000010 0.000010 0.000010 0.004758 0.151876 0.000010 0.045801 0.000010 0.009493 0.000010 0.759744
0.000010 0.000010 0.000010 0.000010 0.000010 0.000010 0.000010 0.000010 0.000010 0.000010 0.000010 0.284550 0.000010 0.000010 0.000010 0.000010 0.715300
0.000010 0.000010 0.000010 0.000010 0.288426 0.000010 0.000010 0.000010 0.000010 0.000010 0.000010 0.000010 0.000010 0.000010 0.000010 0.000010 0.711424
0.000010 0.000010 0.000010 0.000010 0.028126 0.033537 0.000010 0.000010 0.000010 0.000010 0.115580 0.000010 0.000010 0.000010 0.000010 0.000010 0.822626
0.000010 0.038889 0.018682 0.000010 0.072837 0.000010 0.000010 0.000010 0.000010 0.000010 0.079056 0.025085 0.014559 0.000010 0.000010 0.000010 0.750792
0.000010 0.000010 0.009956 0.000010 0.000010 0.000010 0.000010 0.000010 0.000010 0.000010 0.000010 0.266697 0.000010 0.000010 0.000010 0.000010 0.723207
0.000010 0.000010 0.054489 0.000010 0.000010 0.000010 0.000010 0.000010 0.000010 0.000010 0.000010 0.132966 0.000010 0.000010 0.000010 0.000010 0.812405
0.000010 0.000010 0.000010 0.000010 0.000010 0.000010 0.000010 0.000010 0.000010 0.000010 0.094077 0.134692 0.000010 0.000010 0.000010 0.000010 0.771091
0.000010 0.000010 0.069049 0.000014 0.000010 0.000010 0.000010 0.000010 0.000010 0.000010 0.123497 0.082336 0.000010 0.000010 0.000010 0.000010 0.724985
0.021253 0.000010 0.000010 0.000010 0.012103 0.003082 0.000010 0.000010 0.000010 0.000010 0.186956 0.000010 0.000010 0.000010 0.024709 0.000010 0.751788
0.000010 0.000010 0.000010 0.029175 0.000010 0.000010 0.000010 0.000010 0.000010 0.079582 0.000010 0.083156 0.039008 0.000010 0.000010 0.000010 0.768959
0.000010 0.000010 0.000010 0.000010 0.000010 0.005094 0.000010 0.000010 0.000010 0.000010 0.000010 0.226156 0.000010 0.000010 0.049232 0.000010 0.719387
0.000010 0.000010 0.000010 0.071503 0.204068 0.000010 0.000010 0.000010 0.044987 0.000010 0.000010 0.000010 0.000010 0.000010 0.000010 0.000010 0.679311
0.000010 0.000010 0.020619 0.000010 0.198192 0.000010 0.000010 0.000010 0.035900 0.000010 0.000010 0.046944 0.000010 0.000010 0.000010 0.000010 0.698225
0.000010 0.000010 0.000010 0.000010 0.007855 0.000010 0.000010 0.000010 0.000010 0.000010 0.156491 0.000010 0.000010 0.000010 0.000010 0.000010 0.835514
0.000010 0.000987 0.009118 0.000010 0.000010 0.027573 0.000010 0.000010 0.036154 0.000010 0.044602 0.117743 0.000010 0.000010 0.000010 0.000010 0.763724
0.000010 0.000010 0.000010 0.000010 0.295355 0.000010 0.000010 0.000010 0.000010 0.000010 0.000010 0.000010 0.000010 0.000010 0.000010 0.001534 0.702971
0.000010 0.004134 0.006335 0.127348 0.000010 0.020178 0.000010 0.000010 0.000010 0.033702 0.000010 0.000010 0.000010 0.000010 0.000010 0.000010 0.808192
0.000010 0.000010 0.000010 0.000010 0.270343 0.017954 0.000010 0.000010 0.000010 0.000010 0.000010 0.000010 0.000010 0.000010 0.000010 0.000010 0.711562
0.000010 0.006107 0.000010 0.000010 0.000010 0.000010 0.000010 0.000010 0.042674 0.000010 0.000010 0.229356 0.000832 0.000010 0.000010 0.000010 0.720911
0.000010 0.000010 0.000010 0.000010 0.055321 0.022547 0.000010 0.000010 0.000010 0.000010 0.043747 0.000010 0.030897 0.000010 0.033512 0.000010 0.813866
0.000010 0.000010 0.038351 0.147979 0.000010 0.031192 0.000010 0.000010 0.000010 0.000010 0.000010 0.000010 0.048181 0.000010 0.000010 0.000010 0.734177
0.000010 0.000010 0.000010 0.091392 0.000010 0.000010 0.000010 0.000010 0.066378 0.000010 0.091962 0.000010 0.000010 0.000010 0.000010 0.000010 0.750138
0.000010 0.000010 0.000010 0.000010 0.254346 0.015892 0.000010 0.000010 0.000010 0.000010 0.000010 0.000010 0.000010 0.000010 0.000010 0.000010 0.729623
0.000010 0.000010 0.000010 0.000010 0.000010 0.000010 0.000010 0.000010 0.052743 0.000010 0.155221 0.000010 0.000010 0.000010 0.000010 0.000010 0.791896
0.000010 0.000010 0.000010 0.201062 0.000010 0.014284 0.000010 0.000010 0.000010 0.000010 0.000010 0.000010 0.000010 0.000010 0.000010 0.000010 0.784514
0.000010 0.000010 0.000010 0.132652 0.000010 0.067796 0.000010 0.000010 0.000010 0.051943 0.000010 0.000010 0.000010 0.000010 0.000010 0.000010 0.747479
0.035876 0.000010 0.037625 0.099311 0.085735 0.000010 0.000010 0.000010 0.007114 0.000010 0.000010 0.000010 0.000010 0.000010 0.000010 0.000010 0.734228
0.000010 0.000010 0.000010 0.000010 0.000010 0.000010 0.000010 0.000010 0.000010 0.080899 0.000010 0.198637 0.000010 0.000010 0.000010 0.000010 0.720323
0.000010 0.000010 0.000010 0.002398 0.238524 0.000010 0.000010 0.000010 0.000010 0.000010 0.000010 0.000010 0.000010 0.000010 0.000010 0.000010 0.758938
0.000010 0.000010 0.085736 0.000010 0.213964 0.000010 0.000010 0.000010 0.000010 0.000010 0.000010 0.000010 0.000010 0.000010 0.000010 0.000010 0.700160
0.000010 0.000010 0.000010 0.000010 0.000010 0.000010 0.000010 0.000010 0.041057 0.000010 0.000010 0.232593 0.000010 0.000010 0.000010 0.000010 0.726210
0.000010 0.000010 0.000010 0.000010 0.000010 0.014419 0.000010 0.000010 0.023385 0.062683 0.192414 0.000010 0.000010 0.000010 0.000010 0.000010 0.706979
0.000010 0.000010 0.000010 0.107450 0.131818 0.000010 0.000010 0.000010 0.056959 0.000010 0.000010 0.000010 0.000010 0.000010 0.000010 0.000010 0.703643
0.000010 0.000010 0.000010 0.000010 0.283680 0.000010 0.000010 0.000010 0.000010 0.000010 0.000010 0.000010 0.009301 0.000010 0.000010 0.000010 0.706878
0.058187 0.000010 0.000010 0.000010 0.149238 0.000010 0.000010 0.000010 0.000010 0.000010 0.000010 0.035553 0.000010 0.000010 0.033942 0.000010 0.722960
0.000010 0.000010 0.000010 0.000010 0.000010 0.000010 0.000010 0.000010 0.000010 0.000010 0.000010 0.311540 0.000010 0.000010 0.000013 0.000010 0.688307
0.598738 0.000010 0.000010 0.000010 0.188333 0.000010 0.000010 0.000010 0.055942 0.000010 0.000010 0.000010 0.156857 0.000010 0.000010 0.000010 0.000010
0.790711 0.000010 0.001474 0.000010 0.000010 0.000010 0.000010 0.000010 0.000010 0.000010 0.198399 0.000010 0.000010 0.000010 0.000010 0.000010 0.009286
0.813332 0.000010 0.000010 0.000010 0.000010 0.013923 0.000010 0.000010 0.000010 0.000010 0.000010 0.000010 0.172605 0.000010 0.000010 0.000010 0.000010
0.629851 0.000010 0.000010 0.000010 0.108399 0.000010 0.000010 0.000010 0.000010 0.000010 0.000010 0.000010 0.261610 0.000010 0.000010 0.000010 0.000010
0.705477 0.000010 0.000010 0.116448 0.000010 0.000010 0.000010 0.000010 0.000010 0.000010 0.032806 0.073078 0.000010 0.000010 0.063084 0.000010 0.008997
0.487679 0.000010 0.005249 0.032923 0.187819 0.003610 0.000010 0.000010 0.128787 0.054916 0.000010 0.000010 0.098928 0.000010 0.000010 0.000010 0.000010
0.711796 0.000010 0.000010 0.000010 0.000010 0.000010 0.000010 0.000010 0.000010 0.000010 0.288054 0.000010 0.000010 0.000010 0.000010 0.000010 0.000010
0.692188 0.000010 0.000010 0.000010 0.000010 0.000010 0.000010 0.000010 0.000010 0.000010 0.030511 0.000010 0.167599 0.000010 0.109572 0.000010 0.000010
0.602947 0.000010 0.000010 0.000010 0.186991 0.000010 0.000010 0.000010 0.000730 0.000010 0.000010 0.153069 0.000010 0.000010 0.056144 0.000010 0.000010
0.549369 0.129648 0.071957 0.000010 0.000010 0.000010 0.000010 0.000010 0.000010 0.000010 0.000010 0.057144 0.191762 0.000010 0.000010 0.000010 0.000010
0.643356 0.000010 0.000010 0.000010 0.209595 0.000010 0.000010 0.000010 0.000010 0.024155 0.000010 0.000010 0.122764 0.000010 0.000010 0.000010 0.000010
0.720986 0.000010 0.000010 0.000010 0.000010 0.040477 0.000010 0.000010 0.000011 0.071129 0.000010 0.167277 0.000010 0.000010 0.000010 0.000010 0.000010
0.524730 0.000010 0.000010 0.000010 0.321690 0.000010 0.000010 0.000010 0.153440 0.000010 0.000010 0.000010 0.000010 0.000010 0.000010 0.000010 0.000010
0.606379 0.000010 0.000010 0.000010 0.027393 0.000010 0.000010 0.000010 0.106822 0.000010 0.000010 0.000010 0.259276 0.000010 0.000010 0.000010 0.000010
0.536650 0.125097 0.000010 0.000010 0.307114 0.000010 0.000010 0.000010 0.022313 0.000010 0.000010 0.000010 0.000010 0.000010 0.008706 0.000010 0.000010
0.725047 0.000010 0.000010 0.000010 0.205961 0.000010 0.000010 0.000010 0.000010 0.000010 0.000010 0.000010 0.000010 0.000010 0.068853 0.000010 0.000010
0.636283 0.000010 0.000010 0.000010 0.000010 0.000010 0.000010 0.000010 0.000010 0.000010 0.000010 0.000010 0.224480 0.000010 0.139097 0.000010 0.000010
0.587293 0.000010 0.000010 0.000010 0.260431 0.000010 0.000010 0.000010 0.152136 0.000010 0.000010 0.000010 0.000010 0.000010 0.000010 0.000010 0.000010
0.829548 0.000010 0.000010 0.000010 0.000010 0.022250 0.000010 0.000010 0.000010 0.059465 0.088606 0.000010 0.000010 0.000010 0.000010 0.000010 0.000010
0.677992 0.000010 0.000010 0.000010 0.000010 0.000010 0.000010 0.000010 0.000010 0.000010 0.000010 0.000010 0.321858 0.000010 0.000010 0.000010 0.000010
0.565393 0.008488 0.000010 0.000010 0.000010 0.060646 0.000010 0.000010 0.055883 0.000010 0.000010 0.096941 0.212539 0.000010 0.000010 0.000010 0.000010
0.816769 0.000010 0.000010 0.000010 0.183081 0.000010 0.000010 0.000010 0.000010 0.000010 0.000010 0.000010 0.000010 0.000010 0.000010 0.000010 0.000010
0.695455 0.068535 0.000010 0.000010 0.014467 0.000010 0.000010 0.000010 0.036923 0.000010 0.000010 0.161927 0.000010 0.000010 0.022584 0.000010 0.000010
0.696789 0.000010 0.000010 0.000010 0.000010 0.000010 0.000010 0.000010 0.000010 0.000010 0.000010 0.303061 0.000010 0.000010 0.000010 0.000010 0.000010
0.655145 0.000010 0.000010 0.000010 0.000010 0.000010 0.000010 0.000010 0.000010 0.102558 0.000010 0.210915 0.000010 0.000010 0.000010 0.012304 0.018958
0.590169 0.000010 0.000010 0.000010 0.000010 0.000010 0.000010 0.000010 0.000010 0.000010 0.000010 0.254249 0.000010 0.000010 0.155442 0.000010 0.000010
0.516619 0.000010 0.000010 0.000010 0.220211 0.000010 0.000010 0.000010 0.091404 0.136443 0.000010 0.035203 0.000010 0.000010 0.000010 0.000010 0.000010
0.488381 0.000010 0.000010 0.000010 0.353538 0.000010 0.000010 0.000010 0.000010 0.157941 0.000010 0.000010 0.000010 0.000010 0.000010 0.000010 0.000010
0.664373 0.000010 0.000010 0.019257 0.261961 0.000010 0.000010 0.000010 0.054279 0.000010 0.000010 0.000010 0.000010 0.000010 0.000010 0.000010 0.000010
0.673174 0.000010 0.000010 0.097725 0.000010 0.000010 0.000010 0.000010 0.000010 0.000010 0.000010 0.171255 0.000010 0.000010 0.057716 0.000010 0.000010
0.639966 0.000010 0.030091 0.000010 0.000010 0.000010 0.000010 0.000010 0.000010 0.122033 0.207781 0.000010 0.000010 0.000010 0.000010 0.000010 0.000010
0.784409 0.000010 0.000010 0.215441 0.000010 0.000010 0.000010 0.000010 0.000010 0.000010 0.000010 0.000010 0.000010 0.000010 0.000010 0.000010 0.000010
0.682151 0.000010 0.000010 0.034922 0.063420 0.000010 0.000010 0.000010 0.000010 0.118499 0.000010 0.100887 0.000010 0.000010 0.000010 0.000010 0.000010
0.688557 0.000010 0.000010 0.000010 0.000010 0.000010 0.000010 0.000010 0.000010 0.128266 0.000010 0.183037 0.000010 0.000010 0.000010 0.000010 0.000010
0.639204 0.000010 0.000010 0.114502 0.000010 0.000010 0.000010 0.000010 0.000010 0.170916 0.000010 0.075248 0.000010 0.000010 0.000010 0.000010 0.000010
0.000010 0.000010 0.000010 0.000010 0.000010 0.999840 0.000010 0.000010 0.000010 0.000010 0.000010 0.000010 0.000010 0.000010 0.000010 0.000010 0.000010
0.000010 0.000010 0.000010 0.000010 0.127641 0.775434 0.000010 0.000010 0.000010 0.092811 0.000010 0.000010 0.000010 0.000010 0.000010 0.003985 0.000010
0.000010 0.000010 0.000010 0.000010 0.000010 0.877078 0.000010 0.000010 0.000010 0.000010 0.000010 0.000010 0.122772 0.000010 0.000010 0.000010 0.000010
0.000010 0.000010 0.000010 0.000010 0.000010 0.785446 0.000010 0.000010 0.000010 0.000010 0.000010 0.214404 0.000010 0.000010 0.000010 0.000010 0.000010
0.000010 0.000010 0.029417 0.192864 0.000010 0.777580 0.000010 0.000010 0.000010 0.000010 0.000010 0.000010 0.000010 0.000010 0.000010 0.000010 0.000010
0.000010 0.000010 0.000010 0.000010 0.000010 0.723952 0.000010 0.000010 0.000010 0.000010 0.000010 0.000010 0.275898 0.000010 0.000010 0.000010 0.000010
0.000010 0.000010 0.000010 0.000010 0.000010 0.733124 0.000010 0.000010 0.000010 0.000010 0.000010 0.000010 0.266726 0.000010 0.000010 0.000010 0.000010
0.000010 0.000010 0.000010 0.000010 0.165240 0.834610 0.000010 0.000010 0.000010 0.000010 0.000010 0.000010 0.000010 0.000010 0.000010 0.000010 0.000010
0.000010 0.000010 0.000010 0.000010 0.000010 0.791175 0.000010 0.000010 0.000010 0.000010 0.000010 0.000010 0.208675 0.000010 0.000010 0.000010 0.000010
0.000010 0.000010 0.000010 0.000010 0.286614 0.713236 0.000010 0.000010 0.000010 0.000010 0.000010 0.000010 0.000010 0.000010 0.000010 0.000010 0.000010
0.000010 0.000010 0.000010 0.000010 0.000010 0.970366 0.000010 0.000010 0.000010 0.000010 0.000010 0.000010 0.000010 0.000010 0.000010 0.000010 0.029484
0.000010 0.000010 0.000010 0.000010 0.097385 0.756523 0.000010 0.000010 0.000010 0.000010 0.000010 0.000010 0.145952 0.000010 0.000010 0.000010 0.000010
0.000010 0.000010 0.000010 0.000010 0.236226 0.763624 0.000010 0.000010 0.000010 0.000010 0.000010 0.000010 0.000010 0.000010 0.000010 0.000010 0.000010
0.000010 0.000010 0.000010 0.000010 0.000010 0.885340 0.000010 0.000010 0.000010 0.000010 0.114510 0.000010 0.000010 0.000010 0.000010 0.000010 0.000010
0.000010 0.000010 0.000010 0.000010 0.000010 0.999840 0.000010 0.000010 0.000010 0.000010 0.000010 0.000010 0.000010 0.000010 0.000010 0.000010 0.000010
0.000010 0.000010 0.000010 0.170385 0.000010 0.829465 0.000010 0.000010 0.000010 0.000010 0.000010 0.000010 0.000010 0.000010 0.000010 0.000010 0.000010
0.000010 0.000010 0.000010 0.000010 0.000010 0.893022 0.000010 0.000010 0.000010 0.000010 0.106828 0.000010 0.000010 0.000010 0.000010 0.000010 0.000010
0.000010 0.000010 0.000010 0.000010 0.000010 0.803186 0.000010 0.000010 0.000010 0.000010 0.000010 0.000010 0.196664 0.000010 0.000010 0.000010 0.000010
0.000010 0.000010 0.000010 0.000010 0.224610 0.775240 0.000010 0.000010 0.000010 0.000010 0.000010 0.000010 0.000010 0.000010 0.000010 0.000010 0.000010
0.000010 0.000010 0.000010 0.000010 0.000010 0.754701 0.000010 0.000010 0.000010 0.000010 0.000010 0.000010 0.245149 0.000010 0.000010 0.000010 0.000010
0.000010 0.000010 0.000010 0.166803 0.000010 0.833047 0.000010 0.000010 0.000010 0.000010 0.000010 0.000010 0.000010 0.000010 0.000010 0.000010 0.000010
0.000010 0.000010 0.000010 0.000010 0.000010 0.822451 0.000010 0.000010 0.000010 0.000010 0.000010 0.000010 0.177399 0.000010 0.000010 0.000010 0.000010
0.000010 0.000010 0.000010 0.000010 0.283090 0.716760 0.000010 0.000010 0.000010 0.000010 0.000010 0.000010 0.000010 0.000010 0.000010 0.000010 0.000010
0.000010 0.000010 0.000010 0.000010 0.000010 0.785913 0.000010 0.000010 0.000010 0.000010 0.000010 0.213937 0.000010 0.000010 0.000010 0.000010 0.000010
0.000010 0.000010 0.000010 0.107943 0.129864 0.732728 0.000010 0.000010 0.018510 0.000010 0.000010 0.000010 0.000010 0.000010 0.000010 0.000010 0.010836
0.000010 0.000010 0.000010 0.000010 0.000010 0.808143 0.000010 0.000010 0.000010 0.000010 0.000010 0.160229 0.000010 0.000010 0.000010 0.000010 0.031487
0.000010 0.000010 0.000010 0.000010 0.000010 0.721625 0.000010 0.000010 0.000010 0.000010 0.000010 0.143549 0.134686 0.000010 0.000010 0.000010 0.000010
0.000010 0.000010 0.000010 0.000010 0.187162 0.707913 0.000010 0.000010 0.000010 0.000010 0.000010 0.000010 0.104784 0.000010 0.000010 0.000010 0.000010
0.000010 0.000010 0.000010 0.000010 0.000010 0.807618 0.000010 0.000010 0.000010 0.000010 0.192232 0.000010 0.000010 0.000010 0.000010 0.000010 0.000010
0.000010 0.000010 0.000010 0.000010 0.000010 0.773273 0.000010 0.000010 0.000010 0.000010 0.000010 0.226577 0.000010 0.000010 0.000010 0.000010 0.000010
0.000010 0.000010 0.000010 0.000010 0.338751 0.661099 0.000010 0.000010 0.000010 0.000010 0.000010 0.000010 0.000010 0.000010 0.000010 0.000010 0.000010
0.000010 0.000010 0.000010 0.000010 0.189830 0.810020 0.000010 0.000010 0.000010 0.000010 0.000010 0.000010 0.000010 0.000010 0.000010 0.000010 0.000010
0.000010 0.608710 0.027579 0.000010 0.000010 0.000010 0.000010 0.000010 0.092775 0.140353 0.063739 0.000010 0.066734 0.000010 0.000010 0.000010 0.000010
0.012705 0.000010 0.148121 0.000010 0.000010 0.000010 0.000010 0.000010 0.000010 0.230326 0.062576 0.000010 0.000010 0.000010 0.546152 0.000010 0.000010
0.000010 0.000010 0.235955 0.000010 0.000010 0.000010 0.000010 0.000010 0.000010 0.115392 0.030961 0.000010 0.000010 0.000010 0.617562 0.000010 0.000010
0.000010 0.091925 0.228178 0.050005 0.000010 0.047559 0.000010 0.000010 0.000010 0.000010 0.000010 0.000010 0.000010 0.000010 0.582212 0.000010 0.000010
0.000010 0.000010 0.000010 0.000010 0.000010 0.000010 0.000010 0.000010 0.000010 0.374547 0.000010 0.000010 0.000010 0.000010 0.625303 0.000010 0.000010
0.000010 0.000010 0.000010 0.000010 0.053822 0.000010 0.000010 0.000010 0.178582 0.307876 0.000010 0.000010 0.000010 0.000010 0.459590 0.000010 0.000010
0.000010 0.932260 0.000010 0.003639 0.000010 0.022625 0.000010 0.000010 0.000010 0.000010 0.000010 0.000010 0.000010 0.000010 0.000010 0.000010 0.041345
0.000010 0.000010 0.000010 0.000010 0.000010 0.000010 0.000010 0.000010 0.000010 0.000010 0.000010 0.000010 0.000010 0.000010 0.999840 0.000010 0.000010
0.075925 0.000010 0.151199 0.000010 0.000010 0.000010 0.000010 0.000010 0.076346 0.094570 0.000010 0.078542 0.000010 0.000010 0.523307 0.000010 0.000010
0.000010 0.127586 0.000010 0.000010 0.095060 0.000010 0.000010 0.000010 0.164875 0.000010 0.000010 0.000010 0.000010 0.000010 0.612350 0.000010 0.000010
0.000010 0.000010 0.000010 0.000010 0.000010 0.000010 0.000010 0.000010 0.000010 0.999840 0.000010 0.000010 0.000010 0.000010 0.000010 0.000010 0.000010
0.000010 0.000010 0.000010 0.000010 0.000010 0.000010 0.000010 0.000010 0.000010 0.000010 0.000013 0.000010 0.000010 0.000010 0.999837 0.000010 0.000010
0.000010 0.000010 0.000010 0.000010 0.000010 0.000010 0.000010 0.000010 0.999840 0.000010 0.000010 0.000010 0.000010 0.000010 0.000010 0.000010 0.000010
0.000010 0.209098 0.106985 0.000010 0.000010 0.014476 0.000010 0.000010 0.040236 0.000010 0.000010 0.035947 0.000010 0.000010 0.593148 0.000010 0.000010
0.000010 0.000010 0.000010 0.000010 0.000010 0.000010 0.000010 0.000010 0.000010 0.178053 0.000010 0.000010 0.000010 0.000010 0.821797 0.000010 0.000010
0.000010 0.000010 0.000010 0.000010 0.000010 0.000010 0.000010 0.000010 0.999840 0.000010 0.000010 0.000010 0.000010 0.000010 0.000010 0.000010 0.000010
0.000010 0.000010 0.222836 0.000010 0.000010 0.000010 0.000010 0.000010 0.126309 0.137639 0.081922 0.000010 0.000010 0.000010 0.426389 0.000010 0.004795
0.043299 0.000010 0.000010 0.000010 0.000010 0.000010 0.000010 0.000010 0.204857 0.177335 0.048817 0.000010 0.000010 0.000010 0.525573 0.000010 0.000010
0.000010 0.168680 0.199905 0.061044 0.000010 0.000010 0.000010 0.000010 0.000010 0.153403 0.023786 0.000010 0.000010 0.000010 0.388235 0.000010 0.004847
0.000010 0.000010 0.000010 0.000010 0.000010 0.000010 0.000010 0.000010 0.000010 0.374066 0.000010 0.000010 0.000010 0.000010 0.625784 0.000010 0.000010
0.000010 0.051355 0.248374 0.000010 0.024841 0.000010 0.000010 0.000010 0.000010 0.180414 0.000010 0.000010 0.016005 0.000010 0.478900 0.000010 0.000010
0.000010 0.000010 0.000010 0.000010 0.000010 0.000010 0.000010 0.000010 0.080852 0.214935 0.000010 0.000010 0.007442 0.000010 0.696641 0.000010 0.000010
0.000010 0.000010 0.000010 0.000010 0.116166 0.000010 0.000010 0.000010 0.161657 0.159538 0.000010 0.000010 0.000010 0.000010 0.562509 0.000010 0.000010
0.000010 0.652687 0.000010 0.000010 0.046555 0.000010 0.000010 0.000010 0.000010 0.037721 0.146476 0.000010 0.000010 0.000010 0.114818 0.000010 0.001633
0.002613 0.013515 0.309067 0.000010 0.000010 0.000010 0.000010 0.000010 0.098561 0.168980 0.000010 0.000010 0.000010 0.000010 0.407153 0.000010 0.000010
0.000010 0.000010 0.000010 0.000010 0.000010 0.000010 0.000010 0.000010 0.999840 0.000010 0.000010 0.000010 0.000010 0.000010 0.000010 0.000010 0.000010
0.000010 0.000010 0.000010 0.000010 0.000010 0.000010 0.000010 0.000010 0.999840 0.000010 0.000010 0.000010 0.000010 0.000010 0.000010 0.000010 0.000010
0.000010 0.153899 0.150228 0.000010 0.057512 0.024832 0.000010 0.000010 0.000010 0.271659 0.000010 0.000010 0.000010 0.000010 0.341760 0.000010 0.000010
0.000010 0.000010 0.000010 0.000010 0.301044 0.085817 0.000010 0.000010 0.000010 0.000010 0.240697 0.257417 0.038064 0.000010 0.000010 0.000010 0.076851
0.000010 0.000010 0.000010 0.000010 0.851087 0.000010 0.000010 0.000010 0.000010 0.000010 0.148763 0.000010 0.000010 0.000010 0.000010 0.000010 0.000010
0.000010 0.000010 0.000010 0.000010 0.999840 0.000010 0.000010 0.000010 0.000010 0.000010 0.000010 0.000010 0.000010 0.000010 0.000010 0.000010 0.000010
0.000010 0.000010 0.000010 0.000010 0.999840 0.000010 0.000010 0.000010 0.000010 0.000010 0.000010 0.000010 0.000010 0.000010 0.000010 0.000010 0.000010
0.000010 0.000010 0.000010 0.140247 0.240914 0.120564 0.000010 0.000010 0.000010 0.010706 0.196776 0.265544 0.000010 0.000010 0.000010 0.000010 0.025150
0.000010 0.000010 0.000010 0.000010 0.202004 0.110789 0.000010 0.000010 0.000010 0.000010 0.256653 0.400844 0.000010 0.000010 0.000010 0.000010 0.029591
0.000010 0.000010 0.000010 0.000010 0.534830 0.000010 0.000010 0.000010 0.000010 0.000010 0.000010 0.465020 0.000010 0.000010 0.000010 0.000010 0.000010
0.016755 0.000010 0.000010 0.000010 0.147383 0.158918 0.000010 0.000010 0.000010 0.000010 0.290037 0.366509 0.002482 0.000010 0.000010 0.000010 0.017815
0.000010 0.000010 0.000010 0.000010 0.700363 0.000010 0.000010 0.000010 0.000010 0.000010 0.299487 0.000010 0.000010 0.000010 0.000010 0.000010 0.000010
0.000010 0.000010 0.000010 0.000010 0.242020 0.099719 0.000010 0.000010 0.000010 0.000010 0.241101 0.359065 0.000010 0.000010 0.023832 0.000010 0.034153
0.000010 0.000010 0.000010 0.000010 0.999840 0.000010 0.000010 0.000010 0.000010 0.000010 0.000010 0.000010 0.000010 0.000010 0.000010 0.000010 0.000010
0.000010 0.000011 0.000010 0.000010 0.515627 0.000010 0.000010 0.000010 0.000010 0.000010 0.000010 0.484222 0.000010 0.000010 0.000010 0.000010 0.000010
0.000010 0.000010 0.000010 0.000010 0.589366 0.000010 0.000010 0.000010 0.000010 0.000010 0.000010 0.410484 0.000010 0.000010 0.000010 0.000010 0.000010
0.000010 0.000010 0.000010 0.000010 0.000010 0.000010 0.000010 0.000010 0.000010 0.000010 0.000010 0.999840 0.000010 0.000010 0.000010 0.000010 0.000010
0.000010 0.000010 0.000010 0.000010 0.535821 0.000010 0.000010 0.000010 0.000010 0.000010 0.000010 0.464029 0.000010 0.000010 0.000010 0.000010 0.000010
0.000010 0.022510 0.000010 0.000010 0.329964 0.097163 0.000010 0.000010 0.000010 0.000010 0.230703 0.277722 0.041828 0.000010 0.000010 0.000010 0.000010
