0.000010 0.164841 0.000010 0.000010 0.000010 0.822001 0.013048 0.000010 0.000010 0.000010 0.000010 0.000010 0.000010 0.000010
0.003860 0.129888 0.000010 0.000010 0.000010 0.749353 0.000010 0.000010 0.000010 0.000010 0.000010 0.000010 0.000010 0.116799
0.099891 0.000010 0.000010 0.000010 0.000010 0.598965 0.023340 0.000010 0.000010 0.172300 0.000010 0.000010 0.000010 0.105415
0.034710 0.000010 0.000010 0.000010 0.000010 0.734109 0.069556 0.000010 0.020643 0.140893 0.000010 0.000010 0.000010 0.000010
0.010796 0.050012 0.000010 0.000010 0.000010 0.591060 0.048802 0.000010 0.002750 0.296499 0.000010 0.000010 0.000010 0.000010
0.100262 0.071317 0.000010 0.000010 0.000010 0.607282 0.079712 0.000010 0.000010 0.141337 0.000010 0.000010 0.000010 0.000010
0.000011 0.000010 0.000010 0.000010 0.000010 0.610511 0.000010 0.000010 0.074250 0.198949 0.116189 0.000010 0.000010 0.000010
0.059140 0.009698 0.000010 0.000010 0.000010 0.669320 0.000010 0.043637 0.000013 0.158885 0.000010 0.000010 0.059238 0.000010
0.000010 0.000010 0.000010 0.000010 0.000010 0.724069 0.133496 0.000010 0.000010 0.130141 0.012194 0.000010 0.000010 0.000010
0.000010 0.000010 0.000010 0.002910 0.000010 0.697571 0.000010 0.000010 0.000010 0.000010 0.124377 0.000010 0.000010 0.175042
0.010109 0.008859 0.000010 0.000010 0.000010 0.673992 0.000010 0.027012 0.000010 0.084771 0.013175 0.000010 0.057464 0.124557
0.038142 0.000010 0.000010 0.000010 0.000010 0.664235 0.000010 0.000010 0.036971 0.000010 0.000010 0.000010 0.037341 0.223221
0.078246 0.000010 0.000010 0.000010 0.000010 0.778742 0.000010 0.006449 0.000010 0.000010 0.053778 0.000010 0.000010 0.082696
0.000010 0.000010 0.000010 0.000010 0.000010 0.861916 0.002201 0.000010 0.000010 0.000010 0.061587 0.000010 0.000010 0.074196
0.000010 0.085442 0.000010 0.000010 0.000010 0.742353 0.000010 0.032693 0.000010 0.111117 0.013864 0.000010 0.014451 0.000010
0.000010 0.023812 0.000010 0.000010 0.000010 0.818756 0.012051 0.000010 0.000010 0.121610 0.000010 0.000010 0.023681 0.000010
0.040889 0.000010 0.000010 0.000010 0.000010 0.691518 0.058312 0.000010 0.070282 0.043286 0.000010 0.000010 0.029312 0.066331
0.000010 0.000010 0.000010 0.000010 0.000010 0.755667 0.064607 0.000010 0.000010 0.179615 0.000010 0.000010 0.000011 0.000010
0.000010 0.000010 0.000010 0.000452 0.000010 0.795073 0.000010 0.000010 0.028168 0.000010 0.147219 0.000010 0.000010 0.028999
0.000010 0.000010 0.000010 0.000845 0.000010 0.725279 0.016034 0.003563 0.043037 0.165721 0.000010 0.000010 0.045451 0.000010
0.002938 0.007828 0.000010 0.000010 0.000010 0.744858 0.000010 0.000010 0.000010 0.209531 0.034756 0.000010 0.000010 0.000010
0.151321 0.096569 0.016946 0.000010 0.000010 0.630139 0.000010 0.038317 0.002981 0.000010 0.000010 0.000010 0.000010 0.063656
0.000010 0.083013 0.000010 0.000010 0.000010 0.850581 0.000010 0.000010 0.000010 0.000010 0.039585 0.000010 0.000010 0.026722
0.026252 0.000010 0.000010 0.000010 0.000010 0.646103 0.000010 0.000010 0.000010 0.053266 0.154527 0.000010 0.000010 0.119763
0.000010 0.003371 0.009998 0.000182 0.000010 0.789094 0.025282 0.000010 0.000010 0.152854 0.000010 0.000010 0.019149 0.000010
0.000010 0.000010 0.000010 0.000010 0.000010 0.841650 0.011194 0.036126 0.062723 0.015571 0.000010 0.000010 0.032656 0.000010
0.000010 0.000010 0.000010 0.000010 0.000010 0.733877 0.013508 0.000010 0.000010 0.035073 0.217442 0.000010 0.000010 0.000010
0.000010 0.064428 0.000010 0.000010 0.000010 0.792642 0.000010 0.044912 0.000010 0.000010 0.000010 0.000010 0.000010 0.097919
0.004831 0.092114 0.000010 0.000010 0.000010 0.737716 0.028194 0.000010 0.000010 0.000010 0.000010 0.000010 0.002443 0.134622
0.000010 0.032796 0.000010 0.000010 0.000010 0.691523 0.046662 0.000010 0.000010 0.051785 0.000010 0.000010 0.000010 0.177144
0.000010 0.000010 0.000010 0.000010 0.000010 0.866097 0.000010 0.110452 0.023342 0.000010 0.000010 0.000010 0.000010 0.000010
0.009845 0.045333 0.000010 0.000010 0.000010 0.625822 0.000010 0.007975 0.000010 0.215451 0.024796 0.000010 0.000010 0.070708
0.012863 0.061406 0.000010 0.000010 0.000010 0.773184 0.000010 0.000010 0.056149 0.096308 0.000010 0.000010 0.000010 0.000010
0.080797 0.038791 0.000010 0.000010 0.000010 0.803687 0.000010 0.057337 0.019297 0.000010 0.000010 0.000010 0.000010 0.000010
0.056804 0.000010 0.000010 0.000010 0.000010 0.728375 0.000010 0.035252 0.126550 0.018784 0.034155 0.000010 0.000010 0.000010
0.781710 0.018990 0.000010 0.000010 0.000010 0.074550 0.000010 0.038400 0.000010 0.013837 0.000010 0.000010 0.000010 0.072432
0.734107 0.012649 0.000010 0.000010 0.000010 0.061902 0.000010 0.087671 0.000010 0.000010 0.000010 0.000010 0.000010 0.103582
0.807528 0.000010 0.000010 0.000017 0.000010 0.052756 0.086451 0.000010 0.053158 0.000010 0.000010 0.000010 0.000010 0.000010
0.818792 0.000010 0.000010 0.000010 0.000010 0.000010 0.000010 0.000010 0.000010 0.148127 0.000010 0.000010 0.032972 0.000010
0.663137 0.000010 0.000010 0.000010 0.000010 0.189977 0.000010 0.000010 0.026903 0.000010 0.119883 0.000010 0.000010 0.000010
0.633270 0.096123 0.000010 0.000010 0.000010 0.163400 0.010881 0.000010 0.000010 0.050244 0.000010 0.000454 0.007052 0.038517
0.807231 0.002545 0.000010 0.003601 0.000010 0.000010 0.036404 0.000010 0.001933 0.148206 0.000010 0.000010 0.000010 0.000010
0.644186 0.049372 0.000010 0.000010 0.000010 0.247386 0.000010 0.052370 0.000010 0.000010 0.006596 0.000010 0.000010 0.000010
0.705573 0.000010 0.000010 0.000010 0.000010 0.180641 0.042095 0.000010 0.034112 0.000010 0.010910 0.000010 0.026589 0.000010
0.798269 0.000010 0.000010 0.000010 0.000010 0.054013 0.000010 0.045870 0.000010 0.000010 0.000010 0.000010 0.000010 0.101748
0.652119 0.000010 0.000010 0.000010 0.000010 0.166528 0.000010 0.056021 0.000010 0.051449 0.073792 0.000010 0.000010 0.000010
0.777644 0.007979 0.000010 0.000010 0.000010 0.057476 0.046683 0.000010 0.000010 0.071934 0.000010 0.000010 0.038203 0.000010
0.767526 0.000010 0.000010 0.000010 0.000010 0.029723 0.007730 0.000010 0.085984 0.108946 0.000010 0.000010 0.000010 0.000010
0.762610 0.095451 0.000010 0.000010 0.000010 0.000010 0.000010 0.052170 0.000010 0.064606 0.000010 0.000010 0.000010 0.025074
0.805361 0.040861 0.007855 0.000010 0.000010 0.000010 0.000010 0.012378 0.000010 0.133456 0.000010 0.000010 0.000010 0.000010
0.762485 0.000010 0.000010 0.000010 0.000010 0.000010 0.000010 0.015032 0.000010 0.000010 0.143313 0.000010 0.000010 0.079070
0.828892 0.000010 0.000010 0.000010 0.000010 0.000010 0.016730 0.000010 0.000010 0.154268 0.000010 0.000010 0.000010 0.000010
0.737429 0.063295 0.000010 0.000010 0.000010 0.000010 0.000010 0.010054 0.000010 0.000010 0.000010 0.000010 0.030345 0.158786
0.665605 0.000011 0.000010 0.003749 0.000010 0.127539 0.000010 0.125702 0.011644 0.029959 0.000010 0.000010 0.000010 0.035731
0.812121 0.000010 0.000010 0.000010 0.000010 0.079140 0.074276 0.000010 0.034362 0.000010 0.000010 0.000010 0.000010 0.000010
0.776512 0.003871 0.000010 0.000010 0.000010 0.000010 0.052346 0.000010 0.000010 0.121990 0.000010 0.000010 0.045191 0.000010
0.751772 0.109212 0.000010 0.000010 0.000010 0.015505 0.000010 0.000010 0.000010 0.000010 0.000010 0.000010 0.000010 0.123412
0.678171 0.000010 0.000010 0.002073 0.000010 0.000010 0.000010 0.095916 0.023564 0.000010 0.136227 0.000010 0.000010 0.063969
0.695654 0.000010 0.000010 0.000010 0.000010 0.000010 0.128619 0.000010 0.015140 0.131513 0.000010 0.000010 0.028984 0.000010
0.759753 0.199603 0.000010 0.000010 0.000010 0.016234 0.024310 0.000010 0.000010 0.000010 0.000010 0.000010 0.000010 0.000010
0.701283 0.000010 0.000010 0.000010 0.000010 0.000010 0.000010 0.157416 0.046025 0.095176 0.000010 0.000010 0.000010 0.000010
0.806524 0.000010 0.000010 0.000010 0.000010 0.000010 0.089916 0.000010 0.022427 0.076824 0.000010 0.000010 0.004219 0.000010
0.714852 0.048073 0.000010 0.000010 0.000010 0.000010 0.121588 0.021843 0.054891 0.015412 0.000010 0.000010 0.023271 0.000010
0.741291 0.071905 0.000010 0.000010 0.000010 0.000010 0.147449 0.000010 0.000010 0.000010 0.000010 0.000010 0.039255 0.000010
0.624324 0.000010 0.000010 0.000010 0.000010 0.179402 0.101350 0.000010 0.094824 0.000010 0.000010 0.000010 0.000010 0.000010
0.756383 0.000010 0.000010 0.000010 0.000010 0.000010 0.144201 0.000010 0.055117 0.044200 0.000010 0.000010 0.000010 0.000010
0.739970 0.091139 0.000010 0.000010 0.000010 0.011990 0.131760 0.000010 0.018756 0.000010 0.000010 0.000010 0.000010 0.006306
0.793483 0.022025 0.000010 0.000010 0.000010 0.000010 0.091987 0.000010 0.060526 0.000010 0.000010 0.000010 0.031888 0.000010
0.703057 0.098881 0.000010 0.000010 0.000010 0.000010 0.084077 0.000010 0.000010 0.000010 0.083562 0.000010 0.030333 0.000010
0.786880 0.022804 0.000010 0.000010 0.000010 0.000010 0.000010 0.046444 0.004154 0.064323 0.075315 0.000010 0.000010 0.000010
0.767602 0.161158 0.000010 0.000010 0.000010 0.000010 0.011100 0.000010 0.000010 0.000010 0.000010 0.000010 0.000010 0.060041
0.743854 0.042798 0.000010 0.000010 0.000010 0.097923 0.000010 0.072203 0.000010 0.043132 0.000010 0.000010 0.000010 0.000010
0.753684 0.000010 0.000010 0.000010 0.000010 0.000010 0.000010 0.000010 0.000010 0.000010 0.246196 0.000010 0.000010 0.000010
0.636540 0.183995 0.000010 0.000010 0.000010 0.123839 0.000010 0.028592 0.000010 0.026944 0.000010 0.000010 0.000010 0.000010
0.679507 0.057685 0.000010 0.000010 0.000010 0.128200 0.098271 0.000010 0.000010 0.000010 0.000010 0.000010 0.036248 0.000010
0.695843 0.113985 0.007264 0.002032 0.001724 0.000010 0.111838 0.000010 0.017082 0.000010 0.000010 0.000010 0.000010 0.050172
0.797232 0.023715 0.000010 0.000010 0.000010 0.000010 0.128704 0.000010 0.031285 0.000010 0.018973 0.000010 0.000011 0.000010
0.770708 0.004301 0.000010 0.000010 0.000010 0.000010 0.129375 0.000010 0.019849 0.039201 0.036485 0.000010 0.000010 0.000010
0.722656 0.035645 0.000010 0.000010 0.000010 0.033995 0.058237 0.000010 0.033560 0.115827 0.000010 0.000010 0.000010 0.000010
0.697811 0.000010 0.000010 0.000010 0.000010 0.000010 0.011759 0.035270 0.013239 0.000010 0.232683 0.000010 0.009158 0.000010
0.714860 0.000010 0.000010 0.000010 0.000010 0.000010 0.084789 0.000010 0.063354 0.000010 0.136896 0.000010 0.000010 0.000010
0.052181 0.000010 0.000010 0.000010 0.000010 0.007527 0.476625 0.457293 0.000010 0.000010 0.000010 0.000010 0.006284 0.000010
0.000010 0.006888 0.000010 0.000010 0.000010 0.000010 0.508862 0.443537 0.000010 0.017259 0.023364 0.000010 0.000010 0.000010
0.000010 0.000010 0.000010 0.000010 0.000010 0.000010 0.406461 0.476315 0.010624 0.106500 0.000010 0.000010 0.000010 0.000010
0.000010 0.000010 0.000010 0.000010 0.000010 0.000010 0.000010 0.999870 0.000010 0.000010 0.000010 0.000010 0.000010 0.000010
0.000010 0.090514 0.000010 0.000010 0.000010 0.000010 0.365680 0.513133 0.000010 0.030573 0.000010 0.000010 0.000010 0.000010
0.000010 0.028958 0.000010 0.000010 0.000010 0.000010 0.513500 0.365373 0.008986 0.000010 0.000010 0.000010 0.050451 0.032653
0.000010 0.082347 0.002900 0.003753 0.000010 0.000010 0.414303 0.481891 0.014727 0.000010 0.000010 0.000010 0.000010 0.000010
0.000010 0.000010 0.000010 0.000010 0.000010 0.000010 0.000010 0.781760 0.000010 0.000010 0.218120 0.000010 0.000010 0.000010
0.000010 0.000010 0.000010 0.000010 0.000010 0.000010 0.999870 0.000010 0.000010 0.000010 0.000010 0.000010 0.000010 0.000010
0.000010 0.000010 0.000010 0.000010 0.000010 0.000010 0.419286 0.474233 0.000728 0.048346 0.057317 0.000010 0.000010 0.000010
0.000010 0.086219 0.000010 0.000010 0.000010 0.009778 0.228630 0.629425 0.000010 0.000010 0.000010 0.000010 0.045858 0.000010
0.000010 0.041946 0.000010 0.000010 0.000010 0.000010 0.339504 0.556260 0.000010 0.062191 0.000010 0.000010 0.000010 0.000010
0.040625 0.000010 0.000010 0.000010 0.000010 0.000010 0.544226 0.383213 0.031836 0.000010 0.000010 0.000010 0.000010 0.000010
0.000010 0.000010 0.000010 0.000010 0.000010 0.000010 0.368614 0.482290 0.000010 0.000010 0.148986 0.000010 0.000010 0.000010
0.007624 0.079571 0.000010 0.000917 0.000010 0.000010 0.380581 0.467030 0.000010 0.028103 0.000801 0.000010 0.035313 0.000010
0.000010 0.000010 0.000010 0.000010 0.000010 0.000010 0.340098 0.505613 0.004931 0.000010 0.149258 0.000010 0.000010 0.000010
0.000010 0.024587 0.000010 0.000010 0.000010 0.000010 0.301887 0.624400 0.049027 0.000010 0.000010 0.000010 0.000010 0.000010
0.000010 0.000010 0.000010 0.000010 0.000010 0.000010 0.000010 0.911014 0.000010 0.000010 0.088866 0.000010 0.000010 0.000010
0.000010 0.000010 0.000010 0.000010 0.000010 0.001035 0.312634 0.662423 0.000010 0.000010 0.000010 0.000010 0.023807 0.000010
0.000010 0.000010 0.000010 0.000010 0.000010 0.000010 0.999870 0.000010 0.000010 0.000010 0.000010 0.000010 0.000010 0.000010
0.000010 0.004554 0.000010 0.000010 0.000010 0.000010 0.363522 0.557018 0.000010 0.000010 0.000010 0.000010 0.054226 0.020591
0.000010 0.000010 0.000010 0.000010 0.000010 0.000010 0.000010 0.900657 0.000010 0.031529 0.000010 0.000010 0.067704 0.000010
0.000010 0.000010 0.000010 0.000010 0.000010 0.000010 0.999870 0.000010 0.000010 0.000010 0.000010 0.000010 0.000010 0.000010
0.000010 0.000010 0.000010 0.000010 0.000010 0.000010 0.999870 0.000010 0.000010 0.000010 0.000010 0.000010 0.000010 0.000010
0.000010 0.000010 0.000010 0.000010 0.000010 0.000010 0.000010 0.999870 0.000010 0.000010 0.000010 0.000010 0.000010 0.000010
0.000010 0.000010 0.000010 0.000010 0.000010 0.000010 0.247652 0.652545 0.033793 0.034202 0.000010 0.001124 0.030604 0.000010
0.000010 0.019940 0.000010 0.000010 0.000010 0.000010 0.334181 0.645769 0.000010 0.000010 0.000010 0.000010 0.000010 0.000010
0.000010 0.000010 0.000010 0.000010 0.000010 0.030086 0.498772 0.449086 0.000010 0.000010 0.021956 0.000010 0.000010 0.000010
0.000010 0.000010 0.000010 0.000010 0.000010 0.000010 0.242127 0.579208 0.000010 0.000010 0.178555 0.000010 0.000010 0.000010
0.000010 0.000010 0.000010 0.000010 0.000010 0.000010 0.000010 0.999870 0.000010 0.000010 0.000010 0.000010 0.000010 0.000010
0.000010 0.000010 0.000010 0.000010 0.000010 0.000010 0.999870 0.000010 0.000010 0.000010 0.000010 0.000010 0.000010 0.000010
0.000010 0.000010 0.000010 0.000010 0.000010 0.000010 0.999870 0.000010 0.000010 0.000010 0.000010 0.000010 0.000010 0.000010
0.000010 0.007992 0.000010 0.000010 0.000010 0.000010 0.716599 0.235256 0.040054 0.000010 0.000010 0.000010 0.000010 0.000010
0.000010 0.107909 0.000010 0.000010 0.000010 0.000010 0.451292 0.412520 0.000010 0.028179 0.000010 0.000010 0.000010 0.000010
0.000010 0.000010 0.000010 0.000010 0.000010 0.000010 0.261031 0.553595 0.000010 0.000010 0.185264 0.000010 0.000010 0.000010
0.000010 0.000010 0.000010 0.000010 0.000010 0.000010 0.368288 0.624069 0.000010 0.000010 0.000010 0.000010 0.007533 0.000010
0.000010 0.063601 0.000010 0.000010 0.000010 0.025264 0.250903 0.660132 0.000010 0.000010 0.000010 0.000010 0.000010 0.000010
0.000010 0.000010 0.000010 0.000010 0.000010 0.000010 0.000010 0.999870 0.000010 0.000010 0.000010 0.000010 0.000010 0.000010
0.000010 0.000010 0.000010 0.000010 0.000010 0.000010 0.396053 0.603827 0.000010 0.000010 0.000010 0.000010 0.000010 0.000010
0.000010 0.073910 0.000010 0.000010 0.000010 0.000010 0.498205 0.427775 0.000010 0.000010 0.000010 0.000010 0.000010 0.000010
0.004996 0.102254 0.000010 0.000010 0.000010 0.000010 0.291778 0.600871 0.000010 0.000010 0.000010 0.000010 0.000010 0.000010
0.000010 0.085709 0.000010 0.000010 0.000010 0.000010 0.319669 0.577048 0.000010 0.007288 0.000010 0.000010 0.010196 0.000010
0.000010 0.013962 0.000010 0.000010 0.000010 0.008983 0.230463 0.699233 0.047270 0.000010 0.000010 0.000010 0.000010 0.000010
0.037945 0.020361 0.000010 0.000010 0.000010 0.000010 0.307743 0.590612 0.000010 0.000010 0.000010 0.000010 0.043249 0.000010
0.000010 0.000010 0.000010 0.000010 0.000010 0.000010 0.227545 0.598600 0.000010 0.000010 0.164517 0.000010 0.009238 0.000010
0.000010 0.000010 0.000010 0.000010 0.000010 0.000010 0.236439 0.600460 0.000010 0.000010 0.162991 0.000010 0.000010 0.000010
0.000010 0.000010 0.000010 0.000010 0.000010 0.000010 0.326560 0.673320 0.000010 0.000010 0.000010 0.000010 0.000010 0.000010
0.000010 0.000010 0.000010 0.000010 0.000010 0.013201 0.433530 0.521024 0.000010 0.000010 0.000010 0.000010 0.032145 0.000010
0.000010 0.000010 0.000010 0.003782 0.000010 0.000010 0.297558 0.493365 0.000010 0.000010 0.205195 0.000010 0.000010 0.000010
0.000010 0.000010 0.000010 0.000010 0.000010 0.000010 0.999870 0.000010 0.000010 0.000010 0.000010 0.000010 0.000010 0.000010
0.000010 0.000010 0.000010 0.000010 0.000010 0.000010 0.239055 0.566131 0.000010 0.000010 0.148921 0.000010 0.045792 0.000010
0.000010 0.000010 0.000010 0.004214 0.000010 0.012748 0.405358 0.520677 0.011151 0.000010 0.000010 0.000010 0.000010 0.045773
0.000010 0.000010 0.000010 0.000010 0.000010 0.000010 0.999870 0.000010 0.000010 0.000010 0.000010 0.000010 0.000010 0.000010
0.000010 0.000010 0.000010 0.000010 0.000010 0.000010 0.425413 0.462207 0.103218 0.000010 0.000010 0.000010 0.009062 0.000010
0.000010 0.102364 0.000010 0.000010 0.000010 0.000010 0.309368 0.586657 0.000010 0.001511 0.000010 0.000010 0.000010 0.000010
0.000010 0.000010 0.000010 0.000010 0.000010 0.000010 0.000010 0.866988 0.000010 0.000010 0.132892 0.000010 0.000010 0.000010
0.017092 0.000010 0.000010 0.000010 0.000010 0.000010 0.439197 0.532069 0.000010 0.000010 0.000010 0.000010 0.000010 0.011542
0.000010 0.034313 0.000010 0.000010 0.000010 0.000010 0.328839 0.617262 0.000010 0.000010 0.000010 0.000010 0.019486 0.000010
0.000010 0.000010 0.000010 0.000010 0.000010 0.000010 0.323807 0.590114 0.000010 0.014713 0.000010 0.000010 0.071267 0.000010
0.000010 0.000010 0.000010 0.000010 0.000010 0.000010 0.550501 0.329790 0.000010 0.033448 0.086161 0.000010 0.000010 0.000010
0.000010 0.000010 0.000010 0.000010 0.000010 0.000010 0.000010 0.977252 0.000010 0.000010 0.000010 0.000010 0.000010 0.022628
0.000010 0.000010 0.000010 0.000010 0.000010 0.000010 0.000010 0.928098 0.000010 0.000010 0.071782 0.000010 0.000010 0.000010
0.000010 0.000010 0.000010 0.000010 0.000010 0.000010 0.281057 0.557415 0.000010 0.000010 0.132662 0.000010 0.000010 0.028766
0.000010 0.000010 0.000010 0.000010 0.000010 0.000010 0.999870 0.000010 0.000010 0.000010 0.000010 0.000010 0.000010 0.000010
0.000010 0.000010 0.000010 0.000010 0.000010 0.000010 0.999870 0.000010 0.000010 0.000010 0.000010 0.000010 0.000010 0.000010
0.000010 0.000010 0.000010 0.000010 0.000010 0.000010 0.000010 0.855370 0.000010 0.000010 0.144510 0.000010 0.000010 0.000010
0.000010 0.000010 0.000010 0.000010 0.000010 0.000010 0.000010 0.842650 0.000010 0.000010 0.157230 0.000010 0.000010 0.000010
0.000010 0.000010 0.000010 0.000010 0.000010 0.000010 0.363288 0.492572 0.000010 0.087047 0.056993 0.000010 0.000010 0.000010
0.000010 0.130006 0.000010 0.000010 0.000010 0.000010 0.000010 0.869874 0.000010 0.000010 0.000010 0.000010 0.000010 0.000010
0.000010 0.000010 0.000010 0.000010 0.000010 0.000010 0.000010 0.000010 0.099563 0.320684 0.132659 0.000010 0.000010 0.446995
0.000010 0.000010 0.000010 0.000010 0.000010 0.000010 0.000010 0.000010 0.000010 0.999870 0.000010 0.000010 0.000010 0.000010
0.000010 0.000010 0.000010 0.000010 0.000010 0.000010 0.000010 0.000010 0.101050 0.602067 0.000010 0.000010 0.000010 0.296772
0.000010 0.000010 0.000010 0.000010 0.000010 0.000010 0.000010 0.000010 0.200653 0.421009 0.032352 0.000010 0.000010 0.345887
0.028391 0.067584 0.000010 0.000010 0.000010 0.000010 0.000010 0.052363 0.000010 0.581755 0.000010 0.000010 0.000010 0.269817
0.118061 0.000010 0.000010 0.000010 0.000010 0.021809 0.000010 0.000010 0.060512 0.281138 0.200789 0.000010 0.000010 0.317611
0.000010 0.174209 0.000010 0.000010 0.000010 0.000010 0.033076 0.000010 0.000010 0.356464 0.000010 0.000010 0.000010 0.436152
0.000010 0.000010 0.000010 0.000010 0.000010 0.000010 0.000010 0.000010 0.000010 0.000010 0.000010 0.000010 0.000010 0.999870
0.051006 0.000010 0.000010 0.000010 0.000010 0.008344 0.000010 0.000010 0.000010 0.383025 0.207182 0.000010 0.000010 0.350352
0.000010 0.000010 0.000010 0.000010 0.000010 0.197780 0.018546 0.000010 0.187696 0.411948 0.000010 0.000010 0.000010 0.183941
0.000010 0.000010 0.000010 0.000010 0.000010 0.000010 0.000010 0.000010 0.000010 0.316256 0.210861 0.000010 0.000010 0.472773
0.000010 0.000010 0.000010 0.000010 0.000010 0.000010 0.000010 0.009471 0.000010 0.564638 0.000010 0.000010 0.061794 0.363997
0.030438 0.000010 0.000010 0.000010 0.000010 0.005018 0.000010 0.000010 0.000010 0.222608 0.246396 0.000010 0.000010 0.495450
0.000010 0.000010 0.000010 0.000010 0.000010 0.000010 0.000010 0.000010 0.000010 0.000010 0.000010 0.000010 0.000010 0.999870
0.000010 0.000010 0.000010 0.000010 0.000010 0.165477 0.000010 0.000010 0.000010 0.273241 0.220804 0.000010 0.000010 0.340378
0.000010 0.000010 0.000010 0.000010 0.000010 0.000010 0.000010 0.000010 0.000010 0.000010 0.000010 0.000010 0.000010 0.999870
0.000010 0.000010 0.000010 0.000010 0.000010 0.000010 0.000010 0.000010 0.000010 0.000010 0.000010 0.000010 0.000010 0.999870
0.000010 0.000010 0.000010 0.000010 0.000010 0.000010 0.000010 0.000010 0.000010 0.000010 0.220458 0.000010 0.000010 0.779422
0.000010 0.000010 0.000010 0.000010 0.000010 0.000010 0.000010 0.000010 0.000010 0.000010 0.000010 0.000010 0.000010 0.999870
0.000010 0.000010 0.000010 0.000010 0.000010 0.000010 0.000010 0.000010 0.000010 0.000010 0.000010 0.000010 0.000010 0.999870
0.000010 0.000010 0.000010 0.000010 0.000010 0.000010 0.000010 0.000010 0.000010 0.000010 0.000010 0.000010 0.000010 0.999870
0.000010 0.000010 0.000010 0.000010 0.000010 0.000010 0.000010 0.000010 0.000010 0.474208 0.101560 0.000010 0.000010 0.424122
0.000010 0.007831 0.000010 0.000010 0.000010 0.091253 0.000010 0.014469 0.000010 0.443794 0.000010 0.000010 0.000010 0.442562
0.000010 0.051259 0.000010 0.000010 0.000010 0.134843 0.000010 0.042902 0.000010 0.498319 0.040411 0.000010 0.000010 0.232185
0.000010 0.000010 0.000010 0.000010 0.000010 0.000010 0.000010 0.000010 0.000010 0.999870 0.000010 0.000010 0.000010 0.000010
0.115491 0.029794 0.000010 0.000010 0.000010 0.020290 0.000010 0.075048 0.000010 0.433723 0.000010 0.000010 0.000010 0.325573
0.038508 0.000010 0.000010 0.000010 0.000010 0.158121 0.000010 0.000010 0.000010 0.292318 0.254487 0.000010 0.000010 0.256476
0.000010 0.000010 0.000010 0.000010 0.000010 0.070575 0.000010 0.000010 0.000010 0.382955 0.334424 0.000010 0.000010 0.211946
0.000010 0.000010 0.000010 0.000010 0.000010 0.000010 0.000010 0.000010 0.000010 0.532860 0.175130 0.000010 0.000010 0.291900
0.000010 0.000010 0.000010 0.000010 0.000010 0.000010 0.000010 0.000010 0.000010 0.999870 0.000010 0.000010 0.000010 0.000010
0.065468 0.110650 0.000010 0.000010 0.000010 0.092994 0.000010 0.000010 0.000010 0.528755 0.000010 0.000010 0.032405 0.169649
0.000010 0.000010 0.000010 0.000010 0.000010 0.000010 0.000010 0.000010 0.000010 0.999870 0.000010 0.000010 0.000010 0.000010
0.000010 0.000010 0.000010 0.000010 0.000010 0.000010 0.000010 0.000010 0.000010 0.999870 0.000010 0.000010 0.000010 0.000010
0.000010 0.000010 0.000010 0.000010 0.000010 0.000010 0.000010 0.000010 0.000010 0.999870 0.000010 0.000010 0.000010 0.000010
0.000010 0.000010 0.000010 0.000010 0.000010 0.000010 0.000010 0.000010 0.000010 0.999870 0.000010 0.000010 0.000010 0.000010
0.000010 0.000010 0.000010 0.000010 0.000010 0.000010 0.000010 0.000010 0.000010 0.000010 0.000010 0.000010 0.999870 0.000010
0.000010 0.000010 0.000010 0.010916 0.000013 0.000010 0.000010 0.000010 0.000010 0.000010 0.163116 0.000010 0.825855 0.000010
0.000010 0.000010 0.000010 0.000010 0.000010 0.000010 0.000010 0.000010 0.142157 0.000010 0.000010 0.000010 0.857723 0.000010
0.000010 0.000010 0.000010 0.000010 0.000010 0.000010 0.000010 0.000010 0.146695 0.000010 0.000010 0.000010 0.853185 0.000010
0.000010 0.000010 0.000010 0.000010 0.000010 0.000010 0.055318 0.000010 0.051087 0.000010 0.130949 0.000010 0.762546 0.000010
0.000010 0.000010 0.000010 0.000010 0.000010 0.000010 0.000010 0.000010 0.256708 0.000010 0.000010 0.000010 0.743172 0.000010
0.000010 0.000010 0.000010 0.000010 0.000010 0.000010 0.000010 0.014325 0.239945 0.000010 0.000010 0.000010 0.745620 0.000010
0.000010 0.000010 0.000010 0.000010 0.000010 0.000010 0.000010 0.000010 0.000010 0.000010 0.113628 0.000010 0.886252 0.000010
0.000010 0.000010 0.000010 0.000010 0.000010 0.000010 0.000010 0.000010 0.205800 0.000010 0.000010 0.000010 0.794080 0.000010
0.000010 0.000010 0.000010 0.000010 0.000010 0.000010 0.000010 0.000010 0.000010 0.000010 0.185593 0.000010 0.814287 0.000010
0.000010 0.000010 0.000010 0.000010 0.000010 0.000010 0.104004 0.000010 0.000010 0.000010 0.000010 0.000010 0.895876 0.000010
0.000010 0.000010 0.000010 0.000010 0.000010 0.000010 0.000010 0.000010 0.158682 0.000010 0.056296 0.000010 0.784912 0.000010
0.000010 0.000010 0.000010 0.000010 0.000010 0.000010 0.000010 0.000010 0.000010 0.000010 0.210816 0.000010 0.789064 0.000010
0.000010 0.000010 0.000010 0.000010 0.000010 0.000010 0.000010 0.000010 0.000010 0.000010 0.000010 0.000010 0.999870 0.000010
0.000010 0.000010 0.000010 0.000010 0.000010 0.000010 0.000010 0.000010 0.000010 0.000010 0.000010 0.000010 0.999870 0.000010
0.000010 0.088394 0.000010 0.000010 0.000010 0.000010 0.087014 0.000010 0.000010 0.000010 0.000010 0.000010 0.824482 0.000010
0.000010 0.036514 0.000010 0.000010 0.000010 0.000010 0.000010 0.000010 0.000010 0.000010 0.000010 0.000010 0.963366 0.000010
0.000010 0.000010 0.000010 0.000010 0.000010 0.000010 0.000010 0.000010 0.195418 0.000010 0.000010 0.000010 0.804462 0.000010
0.000010 0.000010 0.000010 0.000010 0.000010 0.000010 0.000010 0.000010 0.000010 0.000010 0.173729 0.000010 0.826151 0.000010
0.000010 0.000010 0.000010 0.000010 0.000010 0.000010 0.000010 0.000010 0.251156 0.000010 0.000010 0.000010 0.748724 0.000010
0.000010 0.000010 0.000010 0.000010 0.000010 0.000010 0.000010 0.000010 0.000010 0.000010 0.207855 0.000010 0.792025 0.000010
0.000010 0.000010 0.000010 0.000010 0.000010 0.000010 0.000010 0.000010 0.195544 0.000010 0.000010 0.000010 0.804336 0.000010
0.000010 0.000010 0.000010 0.000010 0.000010 0.000010 0.000010 0.000010 0.000010 0.000010 0.266776 0.000010 0.733104 0.000010
0.000010 0.121085 0.000010 0.000010 0.000010 0.000010 0.000010 0.000010 0.000010 0.023146 0.000010 0.000010 0.855659 0.000010
0.000010 0.000010 0.000010 0.000010 0.000010 0.000010 0.000010 0.039500 0.000010 0.000010 0.201709 0.000010 0.758681 0.000010
0.000010 0.068830 0.000010 0.000010 0.000010 0.000010 0.077226 0.000010 0.000010 0.000010 0.000010 0.000010 0.853835 0.000010
0.000010 0.000010 0.000010 0.000010 0.000010 0.000010 0.000010 0.000010 0.202936 0.000010 0.000010 0.000010 0.796944 0.000010
0.000010 0.000010 0.000010 0.000010 0.000010 0.000010 0.000010 0.000010 0.119518 0.000010 0.131605 0.000010 0.748768 0.000010
0.000010 0.140174 0.000010 0.000010 0.000010 0.000010 0.000010 0.000010 0.000010 0.000010 0.000010 0.000010 0.859706 0.000010
0.000010 0.000010 0.000010 0.000010 0.000010 0.000010 0.000010 0.000010 0.000010 0.000010 0.177268 0.000010 0.822612 0.000010
0.000010 0.000010 0.000010 0.000010 0.000010 0.000010 0.000010 0.000010 0.000010 0.000010 0.297118 0.000010 0.702762 0.000010
0.000010 0.000010 0.000010 0.000010 0.000010 0.000010 0.000010 0.000010 0.000010 0.000010 0.000010 0.000010 0.999870 0.000010
0.000010 0.000010 0.000010 0.000010 0.000010 0.839659 0.000010 0.039042 0.121190 0.000010 0.000010 0.000010 0.000010 0.000010
0.696536 0.106609 0.000010 0.000010 0.000010 0.094940 0.000010 0.000010 0.000010 0.000010 0.000010 0.000010 0.000010 0.101815
0.814386 0.093904 0.000010 0.000010 0.000010 0.000010 0.000010 0.000010 0.000010 0.091600 0.000010 0.000010 0.000010 0.000010
0.695046 0.031765 0.000010 0.000010 0.000010 0.147432 0.000010 0.000010 0.000010 0.019997 0.000010 0.000010 0.090482 0.015197
0.600037 0.000010 0.000010 0.000010 0.000010 0.257217 0.018178 0.000010 0.000010 0.000010 0.000010 0.000010 0.044670 0.079808
0.557937 0.000010 0.000010 0.000010 0.000010 0.261265 0.000010 0.000010 0.014520 0.000010 0.166178 0.000010 0.000010 0.000010
0.000010 0.000010 0.000010 0.000010 0.000010 0.800916 0.000010 0.084224 0.000010 0.109323 0.000010 0.000010 0.005437 0.000010
0.637230 0.091782 0.000010 0.000010 0.000010 0.184478 0.000010 0.086410 0.000010 0.000010 0.000010 0.000010 0.000010 0.000010
0.727793 0.042109 0.000010 0.000010 0.000010 0.000010 0.001326 0.000010 0.008888 0.219795 0.000010 0.000010 0.000010 0.000010
0.596163 0.000010 0.000010 0.000010 0.000010 0.162270 0.000010 0.004753 0.000010 0.000010 0.144256 0.000010 0.000010 0.092469
0.721406 0.000010 0.000010 0.000010 0.000010 0.164633 0.000010 0.010722 0.044783 0.000010 0.000010 0.000010 0.000010 0.058364
0.620202 0.000010 0.000010 0.000010 0.000010 0.196964 0.000010 0.066852 0.000010 0.000010 0.000010 0.000010 0.060996 0.054896
0.605930 0.000010 0.000010 0.000010 0.000010 0.000010 0.000010 0.000010 0.000010 0.000010 0.242952 0.000010 0.000010 0.151008
0.618032 0.000010 0.000010 0.000010 0.000010 0.213751 0.024557 0.032476 0.000010 0.052489 0.035634 0.000010 0.022991 0.000010
0.695869 0.122658 0.000010 0.000010 0.000010 0.156912 0.000010 0.000010 0.000010 0.000010 0.000010 0.000010 0.024461 0.000010
0.568706 0.000010 0.000010 0.000010 0.000010 0.136659 0.000010 0.000010 0.000010 0.000010 0.194322 0.000010 0.000010 0.100213
0.725652 0.096579 0.000010 0.000010 0.000010 0.000010 0.000010 0.051333 0.000010 0.114677 0.000010 0.000010 0.011669 0.000010
0.629793 0.000010 0.004406 0.000010 0.000010 0.046415 0.000010 0.000010 0.000010 0.185177 0.134120 0.000010 0.000010 0.000010
0.536280 0.091188 0.000010 0.000010 0.000010 0.229946 0.000010 0.059334 0.000010 0.083161 0.000010 0.000010 0.000010 0.000010
0.665166 0.000010 0.000010 0.000010 0.000010 0.198608 0.000010 0.010563 0.013133 0.000010 0.000010 0.000010 0.018229 0.094220
0.673348 0.000010 0.000010 0.000010 0.000010 0.184375 0.030674 0.000010 0.032852 0.018541 0.053939 0.000010 0.000010 0.006200
0.687036 0.000010 0.000010 0.000010 0.000010 0.119781 0.000010 0.073973 0.000010 0.000010 0.000010 0.000010 0.000010 0.119110
0.599145 0.000010 0.000010 0.000010 0.000010 0.121248 0.000010 0.000010 0.000010 0.000010 0.180840 0.000010 0.000010 0.098667
0.011066 0.113525 0.000010 0.000010 0.000010 0.714509 0.000010 0.058934 0.000010 0.084056 0.014311 0.000010 0.003529 0.000010
0.741603 0.000010 0.000010 0.000010 0.000010 0.066056 0.058645 0.000010 0.000010 0.000010 0.000010 0.000010 0.000010 0.133595
0.722280 0.000010 0.000010 0.000010 0.000010 0.000010 0.000010 0.000010 0.000010 0.000010 0.093997 0.000010 0.000010 0.183614
0.765372 0.000010 0.000010 0.000010 0.000010 0.000010 0.000010 0.000010 0.000010 0.000010 0.135830 0.000010 0.000010 0.098688
0.490293 0.000010 0.000010 0.000010 0.000010 0.378257 0.000010 0.039611 0.000010 0.000010 0.032725 0.000010 0.059024 0.000010
0.000010 0.330800 0.000010 0.000010 0.000010 0.000010 0.092938 0.017356 0.080734 0.029493 0.311169 0.000010 0.137439 0.000010
0.000010 0.000010 0.000010 0.000010 0.000010 0.000010 0.000010 0.000010 0.000010 0.000010 0.999870 0.000010 0.000010 0.000010
0.000010 0.000010 0.000010 0.000010 0.000010 0.000010 0.000010 0.000010 0.000010 0.000010 0.999870 0.000010 0.000010 0.000010
0.000010 0.000010 0.000010 0.000010 0.000010 0.000010 0.000010 0.000010 0.000010 0.000010 0.999870 0.000010 0.000010 0.000010
0.000010 0.385319 0.000010 0.000010 0.000010 0.000010 0.051450 0.016303 0.025841 0.000010 0.358338 0.000010 0.162669 0.000010
0.000010 0.378434 0.000010 0.000010 0.000010 0.000010 0.096393 0.000010 0.000010 0.010635 0.376618 0.000010 0.137830 0.000010
0.000010 0.000010 0.000010 0.000010 0.000010 0.000010 0.000010 0.000010 0.000010 0.000010 0.999870 0.000010 0.000010 0.000010
0.000010 0.308903 0.000010 0.000010 0.000010 0.000010 0.089853 0.000010 0.086120 0.000010 0.286783 0.000010 0.171252 0.057009
0.000010 0.283284 0.000010 0.000010 0.000010 0.000010 0.000010 0.034012 0.001160 0.000010 0.555606 0.000010 0.125318 0.000540
0.000010 0.427574 0.000010 0.000010 0.000010 0.000010 0.000010 0.082057 0.000010 0.048530 0.290520 0.000010 0.151229 0.000010
0.000010 0.000010 0.000010 0.000010 0.000010 0.000010 0.000010 0.000010 0.000010 0.000010 0.999870 0.000010 0.000010 0.000010
0.000010 0.289370 0.000010 0.000010 0.011320 0.000010 0.000010 0.000010 0.000010 0.000010 0.574337 0.000010 0.124873 0.000010
0.000010 0.251299 0.000010 0.000010 0.000010 0.000010 0.000010 0.076639 0.000010 0.000010 0.554244 0.000010 0.117717 0.000010
0.000010 0.268606 0.000010 0.000010 0.000010 0.000010 0.000010 0.065572 0.076721 0.047797 0.383085 0.000010 0.158139 0.000010
0.000010 0.309086 0.000010 0.000010 0.000010 0.000010 0.053754 0.000010 0.000010 0.000010 0.619746 0.000010 0.017314 0.000010
0.000010 0.355552 0.000010 0.000010 0.000010 0.023794 0.054406 0.000010 0.066080 0.000010 0.344930 0.000010 0.155159 0.000010
0.000010 0.220547 0.000010 0.000010 0.000010 0.000010 0.084739 0.000010 0.020227 0.000010 0.594827 0.000010 0.079570 0.000010
0.000010 0.267141 0.000010 0.000010 0.000010 0.000010 0.000010 0.000010 0.000010 0.000010 0.501128 0.000010 0.151166 0.080466
0.000010 0.326709 0.000010 0.000010 0.000010 0.000010 0.056891 0.000010 0.000010 0.000010 0.493754 0.000010 0.122546 0.000010
0.000010 0.000010 0.000010 0.000010 0.000010 0.000010 0.000010 0.000010 0.000010 0.000010 0.999870 0.000010 0.000010 0.000010
0.000010 0.423599 0.000010 0.000010 0.000010 0.000010 0.000010 0.028302 0.000010 0.000010 0.363499 0.000010 0.161731 0.022778
0.000010 0.000010 0.000010 0.000010 0.000010 0.000010 0.000010 0.000010 0.000010 0.000010 0.999870 0.000010 0.000010 0.000010
0.000010 0.319767 0.000010 0.000010 0.000010 0.000010 0.016696 0.000010 0.000010 0.000010 0.464022 0.000010 0.177042 0.022383
0.000010 0.218071 0.000010 0.000010 0.000010 0.000010 0.039372 0.000010 0.161229 0.029649 0.441672 0.000010 0.109927 0.000010
0.000010 0.054989 0.000010 0.000010 0.000010 0.699599 0.000010 0.014246 0.015665 0.215411 0.000010 0.000010 0.000010 0.000010
0.000010 0.020480 0.000010 0.000010 0.000010 0.823872 0.000010 0.042654 0.000010 0.000010 0.000010 0.000010 0.000010 0.112894
0.000010 0.046062 0.000010 0.000010 0.000010 0.877596 0.072953 0.000010 0.000010 0.000010 0.000010 0.000010 0.003290 0.000010
0.000010 0.016738 0.000010 0.000010 0.000010 0.830621 0.084394 0.000010 0.068146 0.000010 0.000010 0.000010 0.000010 0.000010
0.039424 0.000010 0.000010 0.000010 0.000010 0.881553 0.000010 0.078659 0.000264 0.000010 0.000010 0.000010 0.000010 0.000010
0.042125 0.000010 0.000010 0.000010 0.000010 0.730533 0.062909 0.000010 0.000010 0.078283 0.048699 0.000010 0.037372 0.000010
0.000010 0.000010 0.000010 0.000010 0.000010 0.757907 0.073129 0.000010 0.000010 0.168853 0.000010 0.000010 0.000010 0.000010
0.016487 0.000010 0.000010 0.000010 0.000010 0.699714 0.074856 0.000010 0.046647 0.162205 0.000010 0.000010 0.000010 0.000010
0.052162 0.120632 0.000010 0.000010 0.000010 0.668424 0.044585 0.000010 0.000010 0.078351 0.000010 0.000010 0.000010 0.035766
0.000010 0.000010 0.000010 0.000010 0.000010 0.643817 0.000010 0.000010 0.000010 0.000010 0.169649 0.000010 0.000010 0.186424
0.032050 0.000010 0.000010 0.007525 0.000010 0.561134 0.000010 0.000010 0.000010 0.351897 0.000010 0.000010 0.047304 0.000010
0.015623 0.000010 0.000010 0.000010 0.000010 0.726394 0.000010 0.061059 0.039070 0.128841 0.000010 0.000010 0.028933 0.000010
0.178625 0.000010 0.000010 0.000010 0.000010 0.569908 0.003967 0.040722 0.035613 0.133862 0.021361 0.000010 0.015883 0.000010
0.000010 0.000010 0.000010 0.000010 0.000010 0.834804 0.000010 0.000010 0.158984 0.000010 0.000010 0.000010 0.006102 0.000010
0.000010 0.000010 0.000010 0.000010 0.000010 0.630639 0.000010 0.032160 0.000010 0.294034 0.043067 0.000010 0.000010 0.000010
0.000582 0.120936 0.000010 0.000010 0.000010 0.759839 0.000010 0.041904 0.000010 0.055039 0.006406 0.000010 0.015224 0.000010
0.000010 0.129067 0.000010 0.000010 0.000010 0.728424 0.000010 0.000010 0.018789 0.123620 0.000010 0.000010 0.000010 0.000010
0.034397 0.000010 0.000010 0.000010 0.000010 0.714297 0.000010 0.000010 0.000010 0.000010 0.188506 0.000010 0.000010 0.062700
0.000010 0.000010 0.000010 0.000010 0.000010 0.767272 0.000010 0.000010 0.054555 0.000010 0.178063 0.000010 0.000010 0.000010
0.015301 0.037698 0.000010 0.000010 0.000010 0.722160 0.000010 0.042207 0.051059 0.000010 0.064150 0.000010 0.014264 0.053101
0.005244 0.068934 0.000010 0.000010 0.000010 0.824106 0.000010 0.000010 0.000010 0.000010 0.000010 0.000010 0.018243 0.083383
0.081808 0.000010 0.000010 0.000010 0.000010 0.652628 0.032847 0.000010 0.000010 0.000010 0.180717 0.000010 0.051909 0.000010
0.000010 0.000010 0.000010 0.000010 0.000010 0.559989 0.000010 0.000010 0.000010 0.146349 0.180254 0.000010 0.000010 0.113309
0.032411 0.000010 0.000010 0.000010 0.000010 0.511564 0.000010 0.000010 0.000010 0.269477 0.186448 0.000010 0.000010 0.000010
0.000010 0.000010 0.000010 0.000010 0.000010 0.000010 0.000010 0.000010 0.071811 0.484760 0.131350 0.000010 0.000010 0.311979
0.000010 0.028765 0.000013 0.000010 0.000010 0.203493 0.000010 0.012672 0.000010 0.444468 0.000010 0.000010 0.070527 0.239992
0.044281 0.126882 0.000010 0.000010 0.000010 0.122215 0.027258 0.000010 0.000010 0.352496 0.000010 0.000010 0.005542 0.321256
0.040080 0.000010 0.000010 0.000010 0.000010 0.097751 0.000010 0.016510 0.000010 0.350882 0.198211 0.000010 0.000010 0.296486
0.000010 0.000010 0.000010 0.000010 0.000010 0.000010 0.000010 0.000010 0.238532 0.443696 0.000010 0.000010 0.000010 0.317662
0.000010 0.005533 0.000010 0.000010 0.000010 0.134224 0.000010 0.000010 0.180971 0.309955 0.000010 0.000010 0.000010 0.369226
0.000010 0.000010 0.000010 0.000010 0.000010 0.000010 0.000010 0.000010 0.000010 0.832559 0.167321 0.000010 0.000010 0.000010
0.000010 0.000010 0.000010 0.000010 0.000010 0.084782 0.000010 0.000010 0.211109 0.410319 0.000010 0.000010 0.000010 0.293690
0.000010 0.000010 0.000010 0.000010 0.000010 0.000010 0.000010 0.000010 0.000010 0.000010 0.000010 0.000010 0.000010 0.999870
0.000010 0.000010 0.000010 0.025138 0.000010 0.000010 0.000010 0.000010 0.000010 0.000010 0.000010 0.974742 0.000010 0.000010
0.000010 0.000010 0.000010 0.000010 0.030053 0.000010 0.000010 0.000010 0.000010 0.000010 0.000010 0.969827 0.000010 0.000010
0.000010 0.000010 0.000010 0.000010 0.000010 0.000010 0.000010 0.000010 0.000010 0.000010 0.000010 0.999870 0.000010 0.000010
0.000010 0.000010 0.000010 0.011109 0.000010 0.000010 0.000010 0.000010 0.000010 0.000010 0.000010 0.988771 0.000010 0.000010
0.000010 0.000010 0.000010 0.015222 0.000010 0.000010 0.000010 0.000010 0.000010 0.000010 0.000010 0.984658 0.000010 0.000010
0.000010 0.000010 0.000010 0.011156 0.021955 0.000010 0.000010 0.000010 0.000010 0.000010 0.000010 0.966778 0.000010 0.000010
0.000010 0.000010 0.000010 0.009724 0.079258 0.000010 0.000010 0.000010 0.000010 0.000010 0.000010 0.910908 0.000010 0.000010
0.000010 0.000010 0.000010 0.006955 0.000010 0.000010 0.000010 0.000010 0.000010 0.000010 0.000010 0.992925 0.000010 0.000010
0.000010 0.000010 0.000010 0.006003 0.000010 0.000010 0.000010 0.000010 0.000010 0.000010 0.000010 0.993877 0.000010 0.000010
0.000010 0.000010 0.000010 0.029140 0.000010 0.000010 0.000010 0.000010 0.000010 0.000010 0.000010 0.970740 0.000010 0.000010
0.000010 0.000010 0.000010 0.000010 0.000010 0.000010 0.000010 0.000010 0.000010 0.000010 0.000010 0.999870 0.000010 0.000010
0.000010 0.000010 0.020305 0.046167 0.036972 0.000010 0.000010 0.000010 0.000010 0.000010 0.000010 0.896456 0.000010 0.000010
0.000010 0.000010 0.000010 0.000010 0.000010 0.000010 0.000010 0.000010 0.000010 0.000010 0.000010 0.999870 0.000010 0.000010
0.000010 0.000010 0.000010 0.026619 0.000010 0.000010 0.000010 0.000010 0.000010 0.000010 0.000010 0.973261 0.000010 0.000010
0.000010 0.000010 0.000010 0.000010 0.000010 0.000010 0.000010 0.000010 0.000010 0.000010 0.000010 0.999870 0.000010 0.000010
