0.000010 0.000010 0.000010 0.420330 0.000010 0.000010 0.000010 0.000010 0.124947 0.000010 0.000010 0.000010 0.454563 0.000010 0.000010 0.000010 0.000010 0.000010 0.000010
0.045162 0.000010 0.000010 0.492147 0.028009 0.000010 0.000010 0.000010 0.000010 0.000010 0.000010 0.074980 0.292312 0.000010 0.005727 0.000010 0.000010 0.000010 0.061543
0.000010 0.000010 0.000010 0.261067 0.074954 0.000010 0.001300 0.000010 0.000010 0.000010 0.000010 0.000010 0.321045 0.000010 0.069599 0.000010 0.000010 0.000010 0.271905
0.000010 0.000010 0.000010 0.000010 0.000010 0.000010 0.000010 0.000010 0.000010 0.000010 0.000010 0.000010 0.999820 0.000010 0.000010 0.000010 0.000010 0.000010 0.000010
0.000010 0.000010 0.000010 0.467003 0.072121 0.000010 0.000010 0.000010 0.097065 0.000010 0.000010 0.000010 0.123135 0.000010 0.000010 0.000010 0.000010 0.000010 0.240535
0.101128 0.006714 0.000010 0.305656 0.000010 0.000010 0.000010 0.000010 0.000010 0.000010 0.000010 0.083809 0.304062 0.000010 0.198502 0.000010 0.000010 0.000010 0.000010
0.014893 0.000010 0.000010 0.282599 0.034576 0.000010 0.000010 0.000010 0.000010 0.020601 0.016611 0.000010 0.375787 0.137969 0.000010 0.000010 0.000010 0.000010 0.116856
0.000010 0.000010 0.000010 0.285450 0.140643 0.000010 0.000010 0.000010 0.019693 0.000010 0.000010 0.000010 0.404786 0.000010 0.000010 0.000010 0.040695 0.000010 0.108603
0.000010 0.007824 0.000010 0.466053 0.101129 0.000010 0.000010 0.000010 0.000010 0.000010 0.000010 0.038793 0.337784 0.000010 0.000010 0.019522 0.000010 0.000010 0.028774
0.187962 0.000010 0.000010 0.811868 0.000010 0.000010 0.000010 0.000010 0.000010 0.000010 0.000010 0.000010 0.000010 0.000010 0.000010 0.000010 0.000010 0.000010 0.000010
0.105531 0.000010 0.000010 0.705545 0.000010 0.000010 0.000010 0.000010 0.000010 0.000010 0.000010 0.000010 0.000010 0.000010 0.000010 0.113427 0.000010 0.000010 0.075347
0.177642 0.000010 0.000010 0.348037 0.000010 0.000010 0.000010 0.000010 0.000010 0.047234 0.000010 0.000010 0.349975 0.000010 0.000010 0.000010 0.000010 0.000010 0.076972
0.000010 0.000010 0.000010 0.999820 0.000010 0.000010 0.000010 0.000010 0.000010 0.000010 0.000010 0.000010 0.000010 0.000010 0.000010 0.000010 0.000010 0.000010 0.000010
0.000010 0.000010 0.000010 0.570159 0.000010 0.000010 0.000010 0.000010 0.000010 0.000010 0.000010 0.000010 0.334590 0.000010 0.095091 0.000010 0.000010 0.000010 0.000010
0.000010 0.000010 0.000010 0.396522 0.000010 0.000010 0.000010 0.000010 0.000010 0.000010 0.047859 0.000010 0.504716 0.050753 0.000010 0.000010 0.000010 0.000010 0.000010
0.000010 0.000010 0.000010 0.000010 0.000010 0.000010 0.000010 0.000010 0.000010 0.000010 0.000010 0.000010 0.999820 0.000010 0.000010 0.000010 0.000010 0.000010 0.000010
0.000010 0.000010 0.000010 0.000010 0.000010 0.000010 0.000010 0.000010 0.000010 0.000010 0.000010 0.000010 0.999820 0.000010 0.000010 0.000010 0.000010 0.000010 0.000010
0.000010 0.000010 0.000010 0.000010 0.000010 0.000010 0.000010 0.000010 0.000010 0.000010 0.000010 0.000010 0.999820 0.000010 0.000010 0.000010 0.000010 0.000010 0.000010
0.143610 0.000010 0.000010 0.358884 0.000010 0.000010 0.000010 0.000010 0.016829 0.000010 0.000010 0.000010 0.388356 0.092181 0.000010 0.000010 0.000010 0.000010 0.000010
0.066833 0.000010 0.000010 0.345368 0.000010 0.000010 0.000010 0.000010 0.000010 0.000010 0.000010 0.050685 0.380454 0.000010 0.000010 0.000010 0.011802 0.000010 0.144729
0.000010 0.000010 0.000010 0.999820 0.000010 0.000010 0.000010 0.000010 0.000010 0.000010 0.000010 0.000010 0.000010 0.000010 0.000010 0.000010 0.000010 0.000010 0.000010
0.013018 0.000010 0.000010 0.490271 0.000010 0.000010 0.000884 0.000010 0.036865 0.000010 0.000010 0.054369 0.179315 0.000010 0.225158 0.000010 0.000010 0.000010 0.000010
0.000010 0.000010 0.000010 0.999820 0.000010 0.000010 0.000010 0.000010 0.000010 0.000010 0.000010 0.000010 0.000010 0.000010 0.000010 0.000010 0.000010 0.000010 0.000010
0.196341 0.000010 0.000010 0.401480 0.000010 0.000010 0.000010 0.000010 0.000010 0.000010 0.000010 0.020493 0.300717 0.053723 0.000010 0.000010 0.000010 0.000010 0.027116
0.115463 0.000010 0.000010 0.607210 0.000010 0.000010 0.000010 0.000010 0.000010 0.000010 0.000010 0.005139 0.272038 0.000010 0.000010 0.000010 0.000010 0.000010 0.000010
0.107874 0.026461 0.000010 0.541869 0.000010 0.000010 0.000010 0.000010 0.000010 0.023619 0.000010 0.000010 0.292208 0.000010 0.000010 0.007833 0.000016 0.000010 0.000010
0.046198 0.000010 0.000010 0.502290 0.000010 0.000010 0.000010 0.000010 0.000010 0.000010 0.000010 0.000010 0.291969 0.159393 0.000010 0.000010 0.000010 0.000010 0.000010
0.000010 0.000010 0.000010 0.460291 0.000010 0.000010 0.000010 0.000010 0.000010 0.000010 0.098577 0.000010 0.327777 0.000010 0.033474 0.000010 0.000010 0.000010 0.079741
0.000010 0.000010 0.000010 0.489614 0.000010 0.000010 0.000010 0.000010 0.024583 0.000010 0.000010 0.021476 0.259918 0.000010 0.079517 0.041864 0.000010 0.000010 0.082908
0.000010 0.000010 0.000010 0.440292 0.043266 0.000010 0.000010 0.000010 0.000010 0.000010 0.000010 0.035569 0.284778 0.002360 0.000521 0.000010 0.000010 0.000010 0.193094
0.000010 0.000010 0.000010 0.000010 0.000010 0.000010 0.000010 0.000010 0.000010 0.000010 0.000010 0.000010 0.999820 0.000010 0.000010 0.000010 0.000010 0.000010 0.000010
0.000010 0.000010 0.000010 0.418799 0.000010 0.000010 0.000010 0.000010 0.000010 0.000010 0.000010 0.000010 0.262795 0.000010 0.021641 0.118902 0.000010 0.000010 0.177723
0.000010 0.000010 0.000010 0.416698 0.068967 0.000010 0.000010 0.000010 0.035806 0.038614 0.000010 0.000010 0.439776 0.000010 0.000010 0.000010 0.000010 0.000010 0.000010
0.000010 0.000010 0.000010 0.000010 0.000010 0.000010 0.000010 0.000010 0.000010 0.000010 0.000010 0.000010 0.999820 0.000010 0.000010 0.000010 0.000010 0.000010 0.000010
0.000010 0.000010 0.000010 0.461141 0.019433 0.000010 0.000010 0.000010 0.000010 0.085314 0.000010 0.000010 0.297346 0.050699 0.085937 0.000010 0.000010 0.000010 0.000010
0.028969 0.000010 0.000010 0.000010 0.424819 0.000010 0.000010 0.000010 0.000010 0.000010 0.000010 0.016129 0.043276 0.000010 0.456990 0.000010 0.000010 0.000010 0.029687
0.000010 0.031082 0.000010 0.140952 0.258651 0.000010 0.000010 0.000010 0.003066 0.000010 0.027665 0.000010 0.000010 0.000010 0.538453 0.000010 0.000010 0.000010 0.000010
0.000010 0.027555 0.000010 0.000010 0.353625 0.000144 0.001374 0.000010 0.007558 0.031071 0.000010 0.000010 0.000010 0.000010 0.578553 0.000010 0.000010 0.000010 0.000010
0.000010 0.000010 0.000010 0.000010 0.311536 0.000010 0.000010 0.000010 0.025109 0.000010 0.000010 0.000010 0.000010 0.000010 0.575285 0.000010 0.009611 0.000010 0.078319
0.128202 0.000010 0.000010 0.129671 0.256004 0.000010 0.000010 0.000010 0.028820 0.000010 0.000010 0.000010 0.000010 0.000010 0.457162 0.000010 0.000010 0.000010 0.000010
0.044274 0.000010 0.000010 0.004941 0.162925 0.000010 0.000010 0.000010 0.000010 0.000010 0.000010 0.110291 0.093180 0.000010 0.566994 0.000010 0.000010 0.000010 0.017275
0.000010 0.000010 0.000010 0.000010 0.000010 0.000010 0.000010 0.000010 0.000010 0.000010 0.000010 0.068780 0.000010 0.000010 0.931050 0.000010 0.000010 0.000010 0.000010
0.036279 0.000010 0.000010 0.153422 0.123067 0.000010 0.000010 0.000010 0.000010 0.000010 0.000010 0.068090 0.000010 0.022488 0.596524 0.000010 0.000010 0.000010 0.000010
0.000010 0.000010 0.000010 0.000010 0.335443 0.000010 0.000010 0.000010 0.000010 0.008615 0.000010 0.000010 0.179920 0.000010 0.453714 0.000010 0.022168 0.000010 0.000010
0.000010 0.000010 0.000010 0.000010 0.000010 0.000010 0.000010 0.000010 0.000010 0.000010 0.000010 0.000010 0.000010 0.000010 0.999820 0.000010 0.000010 0.000010 0.000010
0.000010 0.000010 0.000010 0.059999 0.215752 0.000010 0.000010 0.000010 0.000010 0.000010 0.000010 0.000010 0.041740 0.000010 0.531386 0.150982 0.000010 0.000010 0.000010
0.000010 0.000010 0.000010 0.000010 0.200579 0.000010 0.000010 0.000010 0.000010 0.000010 0.000010 0.000010 0.000010 0.000010 0.668370 0.130890 0.000010 0.000010 0.000010
0.000010 0.000010 0.000010 0.000010 0.235165 0.000010 0.000010 0.000010 0.000010 0.000010 0.000010 0.123548 0.000010 0.000010 0.610116 0.000010 0.000010 0.000010 0.031022
0.000010 0.000010 0.000010 0.000010 0.367525 0.000010 0.000010 0.000010 0.000010 0.000010 0.000010 0.133105 0.000010 0.000010 0.492496 0.000010 0.000010 0.000010 0.006724
0.000010 0.000010 0.000010 0.128685 0.286094 0.000010 0.000010 0.000010 0.040263 0.000010 0.000010 0.000010 0.000010 0.000010 0.523316 0.021502 0.000010 0.000010 0.000010
0.000010 0.000010 0.000010 0.000010 0.000010 0.000010 0.000010 0.000010 0.000010 0.000010 0.000010 0.000010 0.000010 0.171555 0.828275 0.000010 0.000010 0.000010 0.000010
0.000010 0.000010 0.000010 0.000010 0.341575 0.000010 0.000010 0.000010 0.000677 0.000010 0.000010 0.000010 0.000010 0.000010 0.624316 0.000010 0.000010 0.000010 0.033282
0.011797 0.000010 0.000010 0.000010 0.172287 0.000010 0.000010 0.000010 0.000010 0.000010 0.000010 0.099017 0.000010 0.000010 0.662514 0.000010 0.033524 0.000010 0.020732
0.000010 0.023612 0.000010 0.000010 0.000010 0.000010 0.000010 0.000010 0.000010 0.059967 0.000010 0.000010 0.000010 0.000010 0.916261 0.000010 0.000010 0.000010 0.000010
0.051250 0.000010 0.000010 0.000010 0.336411 0.000010 0.000010 0.000010 0.000010 0.004807 0.000010 0.000010 0.071707 0.000010 0.535685 0.000010 0.000010 0.000010 0.000010
0.000010 0.000010 0.000010 0.000010 0.292660 0.000010 0.000010 0.000010 0.112329 0.000010 0.000010 0.000010 0.000010 0.000010 0.567752 0.000010 0.009283 0.000010 0.017837
0.054023 0.000010 0.000010 0.000010 0.262738 0.000010 0.000010 0.000010 0.058777 0.000010 0.000010 0.029774 0.062484 0.000010 0.532074 0.000010 0.000010 0.000010 0.000010
0.089976 0.033833 0.000010 0.000010 0.482328 0.000555 0.000010 0.000010 0.000010 0.032444 0.043590 0.000010 0.000010 0.061208 0.255954 0.000010 0.000010 0.000010 0.000010
0.020616 0.000010 0.000010 0.000010 0.545990 0.000010 0.000010 0.000010 0.000010 0.000010 0.000010 0.000010 0.000010 0.000010 0.253154 0.097208 0.000010 0.000010 0.082893
0.000010 0.000010 0.000010 0.000010 0.513377 0.000010 0.000010 0.000010 0.000010 0.000010 0.000010 0.156471 0.000010 0.000010 0.329993 0.000010 0.000010 0.000010 0.000010
0.000010 0.089592 0.000010 0.000010 0.513878 0.000010 0.000010 0.000010 0.054353 0.000010 0.000010 0.000010 0.012878 0.000010 0.297020 0.000010 0.000010 0.000010 0.032149
0.000010 0.000010 0.000010 0.000010 0.999820 0.000010 0.000010 0.000010 0.000010 0.000010 0.000010 0.000010 0.000010 0.000010 0.000010 0.000010 0.000010 0.000010 0.000010
0.000010 0.000010 0.000010 0.000010 0.999820 0.000010 0.000010 0.000010 0.000010 0.000010 0.000010 0.000010 0.000010 0.000010 0.000010 0.000010 0.000010 0.000010 0.000010
0.000010 0.034538 0.000010 0.000010 0.546262 0.000010 0.000010 0.000010 0.040046 0.000010 0.000010 0.000010 0.067309 0.000010 0.258359 0.036230 0.017136 0.000010 0.000010
0.000010 0.000010 0.000010 0.000010 0.999820 0.000010 0.000010 0.000010 0.000010 0.000010 0.000010 0.000010 0.000010 0.000010 0.000010 0.000010 0.000010 0.000010 0.000010
0.000010 0.000010 0.000010 0.000010 0.999820 0.000010 0.000010 0.000010 0.000010 0.000010 0.000010 0.000010 0.000010 0.000010 0.000010 0.000010 0.000010 0.000010 0.000010
0.000010 0.000010 0.000010 0.000010 0.447579 0.000010 0.000010 0.000010 0.000010 0.000010 0.000010 0.153666 0.000010 0.000010 0.398594 0.000010 0.000010 0.000010 0.000010
0.000010 0.000010 0.000010 0.000010 0.999820 0.000010 0.000010 0.000010 0.000010 0.000010 0.000010 0.000010 0.000010 0.000010 0.000010 0.000010 0.000010 0.000010 0.000010
0.000010 0.003166 0.000010 0.000010 0.378036 0.000010 0.000010 0.000010 0.000010 0.000010 0.144341 0.000010 0.000010 0.000010 0.377372 0.096944 0.000010 0.000010 0.000010
0.008604 0.000010 0.000010 0.000010 0.477966 0.000010 0.000010 0.000010 0.000010 0.000010 0.000010 0.000010 0.000010 0.000010 0.369807 0.143472 0.000010 0.000010 0.000010
0.000010 0.000010 0.000010 0.000010 0.552324 0.000010 0.000010 0.000010 0.000010 0.023712 0.000010 0.058683 0.000010 0.000010 0.365131 0.000010 0.000010 0.000010 0.000010
0.000010 0.004615 0.000010 0.000010 0.468052 0.000010 0.000010 0.000010 0.000010 0.000010 0.000010 0.000010 0.114109 0.000010 0.405439 0.007645 0.000010 0.000010 0.000010
0.101979 0.000010 0.000010 0.000010 0.388153 0.000010 0.000010 0.000010 0.000010 0.000010 0.000010 0.000010 0.000010 0.134635 0.375083 0.000010 0.000010 0.000010 0.000010
0.000010 0.000010 0.000010 0.000010 0.684778 0.000010 0.000010 0.000010 0.000010 0.000010 0.102270 0.000010 0.212792 0.000010 0.000010 0.000010 0.000010 0.000010 0.000010
0.000010 0.000010 0.000010 0.000010 0.999820 0.000010 0.000010 0.000010 0.000010 0.000010 0.000010 0.000010 0.000010 0.000010 0.000010 0.000010 0.000010 0.000010 0.000010
0.000010 0.000010 0.000010 0.000010 0.870318 0.000010 0.000010 0.000010 0.000010 0.000010 0.000010 0.129512 0.000010 0.000010 0.000010 0.000010 0.000010 0.000010 0.000010
0.000010 0.000010 0.000010 0.000010 0.999820 0.000010 0.000010 0.000010 0.000010 0.000010 0.000010 0.000010 0.000010 0.000010 0.000010 0.000010 0.000010 0.000010 0.000010
0.000010 0.000010 0.000010 0.000010 0.999820 0.000010 0.000010 0.000010 0.000010 0.000010 0.000010 0.000010 0.000010 0.000010 0.000010 0.000010 0.000010 0.000010 0.000010
0.000010 0.000010 0.000010 0.000010 0.999820 0.000010 0.000010 0.000010 0.000010 0.000010 0.000010 0.000010 0.000010 0.000010 0.000010 0.000010 0.000010 0.000010 0.000010
0.177061 0.000010 0.000010 0.000010 0.677139 0.000010 0.000010 0.000010 0.000010 0.000010 0.000010 0.000010 0.000010 0.145641 0.000010 0.000010 0.000010 0.000010 0.000010
0.000010 0.000010 0.000010 0.000010 0.681056 0.000010 0.000010 0.000010 0.000010 0.000010 0.000010 0.000010 0.213705 0.000010 0.000010 0.105079 0.000010 0.000010 0.000010
0.000010 0.744905 0.000010 0.000010 0.000010 0.000010 0.000010 0.000010 0.000010 0.000010 0.000010 0.136602 0.000010 0.000010 0.092808 0.000010 0.025535 0.000010 0.000010
0.000010 0.713085 0.000010 0.000010 0.035916 0.000010 0.000010 0.000010 0.000010 0.000010 0.000010 0.088536 0.000010 0.000010 0.000010 0.162313 0.000010 0.000010 0.000010
0.000010 0.736412 0.000010 0.000010 0.000010 0.000010 0.000010 0.000010 0.104405 0.000010 0.000010 0.077043 0.000010 0.007745 0.000010 0.000010 0.000010 0.000010 0.074254
0.000010 0.752775 0.000010 0.000010 0.000010 0.000010 0.000010 0.000010 0.000010 0.000010 0.000010 0.089540 0.000010 0.000010 0.066687 0.090848 0.000010 0.000010 0.000010
0.000010 0.739865 0.000010 0.000010 0.000010 0.000010 0.000010 0.000010 0.000010 0.000010 0.200151 0.000010 0.000010 0.000010 0.000010 0.000010 0.000010 0.000010 0.059825
0.000010 0.697047 0.000010 0.027177 0.000010 0.000010 0.000010 0.000010 0.001906 0.025935 0.000010 0.143126 0.000010 0.000010 0.000010 0.055012 0.049676 0.000010 0.000010
0.000010 0.736513 0.000010 0.010063 0.000010 0.005452 0.000010 0.000010 0.071610 0.013466 0.002383 0.100333 0.000010 0.059531 0.000010 0.000010 0.000010 0.000549 0.000010
0.000010 0.631345 0.000010 0.000010 0.000010 0.000010 0.000010 0.000010 0.000010 0.000010 0.000010 0.000010 0.000010 0.368485 0.000010 0.000010 0.000010 0.000010 0.000010
0.000010 0.708897 0.000010 0.000010 0.076508 0.000010 0.000010 0.000010 0.063000 0.020218 0.000010 0.070764 0.054539 0.000010 0.000010 0.000010 0.005952 0.000010 0.000010
0.102211 0.734774 0.000010 0.000010 0.000010 0.000010 0.000010 0.000010 0.000010 0.000010 0.000010 0.092764 0.000010 0.000010 0.000010 0.070100 0.000010 0.000010 0.000010
0.000010 0.692165 0.000010 0.043282 0.000010 0.000010 0.000010 0.000010 0.030343 0.000010 0.000010 0.136254 0.000010 0.091531 0.000010 0.000010 0.006295 0.000010 0.000010
0.000010 0.742891 0.000010 0.035506 0.012222 0.000010 0.000010 0.000010 0.187535 0.000010 0.000010 0.000010 0.000010 0.000010 0.000010 0.000010 0.000010 0.000010 0.021705
0.072458 0.740115 0.000010 0.000010 0.000010 0.000010 0.000010 0.000010 0.187268 0.000010 0.000010 0.000010 0.000010 0.000010 0.000010 0.000010 0.000010 0.000010 0.000010
0.000010 0.742400 0.000010 0.000010 0.000010 0.000010 0.000010 0.000010 0.000010 0.000010 0.065537 0.000010 0.000010 0.191903 0.000010 0.000010 0.000010 0.000010 0.000010
0.000010 0.709735 0.000010 0.000010 0.000010 0.000010 0.000010 0.000010 0.000010 0.000010 0.221508 0.000010 0.000010 0.000010 0.015563 0.000010 0.041230 0.000010 0.011824
0.000010 0.696063 0.000010 0.000010 0.041464 0.000010 0.000010 0.000010 0.000010 0.042837 0.000010 0.000010 0.000010 0.219486 0.000010 0.000010 0.000010 0.000010 0.000010
0.000010 0.755997 0.000010 0.000010 0.000010 0.000010 0.000010 0.000010 0.000010 0.024314 0.000010 0.219529 0.000010 0.000010 0.000010 0.000010 0.000010 0.000010 0.000010
0.000010 0.683145 0.000010 0.000010 0.017120 0.000010 0.000010 0.000010 0.000010 0.000010 0.062662 0.000010 0.000010 0.236923 0.000010 0.000010 0.000010 0.000010 0.000010
0.000010 0.775296 0.000010 0.000010 0.000010 0.000010 0.000010 0.000010 0.188439 0.000010 0.000010 0.000010 0.031982 0.000010 0.000010 0.000010 0.004133 0.000010 0.000010
0.050483 0.779567 0.000010 0.000010 0.015167 0.000010 0.000010 0.000010 0.154633 0.000010 0.000010 0.000010 0.000010 0.000010 0.000010 0.000010 0.000010 0.000010 0.000010
0.028257 0.786927 0.000010 0.000010 0.000010 0.000010 0.000010 0.000010 0.015471 0.012042 0.000010 0.100029 0.000010 0.000010 0.000010 0.000010 0.057144 0.000010 0.000010
0.000010 0.695553 0.000010 0.068160 0.000010 0.000010 0.000010 0.000010 0.000010 0.000010 0.089166 0.000010 0.000010 0.109895 0.000010 0.000010 0.037085 0.000010 0.000010
0.000010 0.786146 0.000010 0.000010 0.000010 0.000010 0.000010 0.000010 0.000010 0.000010 0.000010 0.213684 0.000010 0.000010 0.000010 0.000010 0.000010 0.000010 0.000010
0.000010 0.672842 0.000010 0.000010 0.000010 0.000010 0.000010 0.000010 0.000010 0.000010 0.035693 0.140897 0.092055 0.000010 0.000010 0.058373 0.000010 0.000010 0.000010
0.000010 0.784450 0.000010 0.000010 0.000010 0.000010 0.000010 0.000010 0.000010 0.025919 0.000010 0.000010 0.000010 0.000010 0.000010 0.189471 0.000010 0.000010 0.000010
0.000010 0.705020 0.000010 0.000010 0.000010 0.000010 0.000010 0.000567 0.000010 0.021420 0.000010 0.100839 0.000010 0.000010 0.028755 0.143269 0.000010 0.000010 0.000010
0.000010 0.801178 0.000010 0.000010 0.000010 0.000010 0.000010 0.000010 0.198652 0.000010 0.000010 0.000010 0.000010 0.000010 0.000010 0.000010 0.000010 0.000010 0.000010
0.000010 0.785149 0.000010 0.000010 0.000010 0.000010 0.000010 0.000010 0.091682 0.000010 0.000010 0.000010 0.038344 0.084676 0.000010 0.000010 0.000010 0.000010 0.000010
0.019548 0.696015 0.000010 0.000010 0.000010 0.000010 0.000010 0.000010 0.000010 0.000010 0.134683 0.000010 0.000010 0.149604 0.000010 0.000010 0.000010 0.000010 0.000010
0.000010 0.755404 0.000010 0.000010 0.000010 0.000010 0.014678 0.000010 0.000010 0.078343 0.000010 0.000010 0.000010 0.000010 0.000010 0.151425 0.000010 0.000010 0.000010
0.000010 0.819073 0.000010 0.000010 0.000010 0.000010 0.000010 0.000010 0.000010 0.000010 0.000010 0.180757 0.000010 0.000010 0.000010 0.000010 0.000010 0.000010 0.000010
0.000010 0.710207 0.000010 0.000010 0.073193 0.000010 0.000010 0.000010 0.000010 0.023650 0.000010 0.139070 0.000010 0.000010 0.000010 0.000010 0.053739 0.000010 0.000010
0.000010 0.750758 0.000010 0.000010 0.000010 0.000010 0.000010 0.000010 0.005413 0.027959 0.000010 0.185756 0.001985 0.000010 0.000010 0.000010 0.027999 0.000010 0.000010
0.000010 0.707283 0.000010 0.000010 0.000010 0.000010 0.000010 0.000010 0.140172 0.000010 0.000010 0.000010 0.000010 0.000010 0.000010 0.152385 0.000010 0.000010 0.000010
0.060938 0.683618 0.000010 0.000010 0.000010 0.000010 0.000010 0.000010 0.000010 0.000010 0.126038 0.000010 0.000010 0.129256 0.000010 0.000010 0.000010 0.000010 0.000010
0.000010 0.794552 0.000010 0.000010 0.000010 0.000010 0.000010 0.000010 0.000010 0.000010 0.149714 0.000010 0.000010 0.040242 0.000010 0.000010 0.015342 0.000010 0.000010
0.011432 0.741187 0.000010 0.039979 0.005638 0.000010 0.000010 0.000010 0.000010 0.003164 0.114846 0.083633 0.000010 0.000010 0.000010 0.000010 0.000010 0.000010 0.000010
0.000010 0.736152 0.000010 0.000010 0.045639 0.000010 0.000010 0.000010 0.000010 0.000010 0.000010 0.211696 0.000010 0.000010 0.000010 0.000010 0.006363 0.000010 0.000010
0.000010 0.813430 0.000010 0.000010 0.067331 0.000010 0.000010 0.000010 0.000010 0.018537 0.000010 0.000010 0.000010 0.000010 0.000010 0.100552 0.000010 0.000010 0.000010
0.000010 0.741536 0.000010 0.000010 0.000010 0.000010 0.000010 0.000010 0.000010 0.056770 0.000010 0.108829 0.000010 0.000010 0.000010 0.092715 0.000010 0.000010 0.000010
0.000010 0.719721 0.000010 0.000010 0.040741 0.000010 0.000010 0.000010 0.141635 0.000010 0.000010 0.034562 0.049524 0.000010 0.000010 0.013686 0.000010 0.000010 0.000010
0.000010 0.732352 0.000010 0.000010 0.000010 0.000010 0.000010 0.000010 0.000010 0.000010 0.061710 0.154417 0.000010 0.000010 0.014435 0.000010 0.006768 0.000010 0.030188
0.000010 0.759877 0.000010 0.025800 0.000010 0.000010 0.000010 0.000010 0.214163 0.000010 0.000010 0.000010 0.000010 0.000010 0.000010 0.000010 0.000010 0.000010 0.000010
0.000010 0.724301 0.000010 0.000010 0.000010 0.000010 0.000010 0.000010 0.153337 0.000010 0.000010 0.000010 0.000010 0.064934 0.041697 0.000010 0.015590 0.000010 0.000010
0.000010 0.658126 0.000010 0.006108 0.000010 0.000010 0.000010 0.000010 0.000010 0.000010 0.186273 0.000010 0.000010 0.149343 0.000010 0.000010 0.000010 0.000010 0.000010
0.050559 0.700394 0.000010 0.000010 0.002246 0.000010 0.000010 0.000010 0.000010 0.000010 0.000010 0.000010 0.000010 0.246651 0.000010 0.000010 0.000010 0.000010 0.000010
0.000010 0.809448 0.000010 0.000010 0.000010 0.000010 0.000010 0.000010 0.000010 0.000010 0.000010 0.078721 0.000010 0.000010 0.000010 0.111671 0.000010 0.000010 0.000010
0.040853 0.746178 0.000010 0.000010 0.000010 0.000010 0.000010 0.000010 0.000010 0.000010 0.000010 0.111766 0.000010 0.000010 0.000010 0.083777 0.017285 0.000010 0.000010
0.000010 0.676091 0.000010 0.000010 0.000010 0.000010 0.000010 0.000010 0.000010 0.000010 0.000010 0.000010 0.000010 0.323739 0.000010 0.000010 0.000010 0.000010 0.000010
0.000010 0.809211 0.000010 0.027018 0.000010 0.000010 0.000010 0.000010 0.000010 0.000010 0.000010 0.000010 0.000010 0.000010 0.000010 0.163610 0.000010 0.000010 0.000010
0.000010 0.705791 0.000010 0.000010 0.000010 0.000010 0.000010 0.000010 0.000010 0.000010 0.000010 0.000010 0.000010 0.271007 0.000010 0.000010 0.023041 0.000010 0.000010
0.000010 0.749754 0.000010 0.084280 0.000010 0.001806 0.000010 0.000010 0.127705 0.015916 0.000010 0.000010 0.000010 0.000010 0.000010 0.020410 0.000010 0.000010 0.000010
0.000010 0.798251 0.000010 0.000010 0.000010 0.000010 0.000010 0.000010 0.000010 0.000013 0.000010 0.151428 0.015410 0.000010 0.000010 0.000010 0.034758 0.000010 0.000010
0.000010 0.674995 0.000010 0.000010 0.000010 0.000010 0.000010 0.000010 0.324835 0.000010 0.000010 0.000010 0.000010 0.000010 0.000010 0.000010 0.000010 0.000010 0.000010
0.000010 0.749442 0.000010 0.000010 0.000010 0.000010 0.000010 0.000010 0.000010 0.000010 0.000010 0.202551 0.000010 0.000010 0.028018 0.019839 0.000010 0.000010 0.000010
0.000010 0.705234 0.000010 0.000010 0.000010 0.000010 0.000010 0.000010 0.000010 0.000010 0.148430 0.000010 0.000010 0.076189 0.000010 0.033370 0.036636 0.000010 0.000010
0.000010 0.782459 0.000010 0.000010 0.000013 0.000010 0.000010 0.000010 0.217368 0.000010 0.000010 0.000010 0.000010 0.000010 0.000010 0.000010 0.000010 0.000010 0.000010
0.000010 0.765211 0.000010 0.000010 0.000010 0.000010 0.000010 0.000010 0.000010 0.016583 0.038455 0.000010 0.000010 0.000010 0.000010 0.179601 0.000010 0.000010 0.000010
0.000010 0.733089 0.000010 0.000010 0.000010 0.000010 0.000010 0.000010 0.109744 0.000010 0.000010 0.000010 0.000010 0.096318 0.000010 0.000010 0.049163 0.000010 0.011545
0.042624 0.732299 0.000010 0.000010 0.031338 0.000010 0.000010 0.000010 0.109866 0.000010 0.000010 0.000010 0.000010 0.076917 0.000010 0.000010 0.000010 0.000010 0.006826
0.000010 0.708422 0.000010 0.084109 0.000010 0.000010 0.000010 0.000010 0.000010 0.032325 0.000010 0.000010 0.000010 0.000010 0.000010 0.174994 0.000010 0.000010 0.000010
0.000010 0.732552 0.000010 0.000010 0.000010 0.000010 0.000010 0.000010 0.000010 0.000010 0.171624 0.000010 0.003698 0.091976 0.000010 0.000010 0.000010 0.000010 0.000010
0.000011 0.687024 0.000010 0.000010 0.102537 0.000010 0.000010 0.000010 0.000010 0.000010 0.089319 0.000010 0.000010 0.120969 0.000010 0.000010 0.000010 0.000010 0.000010
0.062098 0.731300 0.000010 0.000010 0.000010 0.000010 0.000010 0.000010 0.000010 0.000010 0.128856 0.000010 0.000010 0.000010 0.000010 0.077595 0.000010 0.000010 0.000010
0.000010 0.676884 0.000010 0.000010 0.000010 0.000010 0.000010 0.000010 0.000010 0.000010 0.000010 0.132282 0.000010 0.000010 0.033431 0.157253 0.000010 0.000010 0.000010
0.074299 0.696338 0.000010 0.000010 0.000010 0.000010 0.000010 0.000010 0.050202 0.000010 0.088423 0.000010 0.000010 0.090597 0.000010 0.000010 0.000010 0.000010 0.000010
0.000010 0.699198 0.000010 0.000010 0.000010 0.000010 0.000010 0.000010 0.000010 0.008244 0.157407 0.000010 0.000010 0.135001 0.000010 0.000010 0.000010 0.000010 0.000010
0.000010 0.715547 0.000010 0.000010 0.000010 0.000010 0.000010 0.000010 0.000010 0.000010 0.006961 0.000010 0.000010 0.014524 0.000010 0.186318 0.000010 0.000010 0.076510
0.000010 0.693213 0.000010 0.011999 0.000010 0.000010 0.000010 0.000010 0.000010 0.000010 0.000010 0.075429 0.000010 0.000010 0.000010 0.216781 0.000010 0.000010 0.002439
0.152344 0.000010 0.000010 0.000010 0.000010 0.000010 0.000010 0.000010 0.000010 0.179470 0.000010 0.000010 0.000010 0.152830 0.000010 0.000010 0.000010 0.000010 0.515206
0.000010 0.000010 0.000010 0.000010 0.000010 0.000010 0.000010 0.000010 0.000010 0.000010 0.000010 0.216652 0.000010 0.000010 0.000010 0.000010 0.000010 0.000010 0.783178
0.000010 0.000010 0.000010 0.000010 0.000010 0.000010 0.000010 0.000010 0.000010 0.190016 0.000010 0.000010 0.000010 0.000010 0.000010 0.000010 0.000010 0.000010 0.809814
0.125550 0.000010 0.000010 0.000010 0.000010 0.000010 0.000010 0.000010 0.000010 0.292259 0.000010 0.000010 0.000010 0.021156 0.000010 0.000010 0.000010 0.000010 0.560886
0.000010 0.000010 0.000010 0.000010 0.000010 0.000010 0.000010 0.000010 0.000010 0.000010 0.085819 0.083753 0.000010 0.000010 0.000010 0.086593 0.000010 0.000010 0.743685
0.999820 0.000010 0.000010 0.000010 0.000010 0.000010 0.000010 0.000010 0.000010 0.000010 0.000010 0.000010 0.000010 0.000010 0.000010 0.000010 0.000010 0.000010 0.000010
0.130901 0.000010 0.000010 0.000010 0.000010 0.000010 0.000010 0.000010 0.067714 0.000010 0.000010 0.158512 0.000010 0.000010 0.000010 0.053554 0.000010 0.000010 0.589180
0.000010 0.000010 0.000010 0.000010 0.000010 0.000010 0.000010 0.000010 0.066122 0.173350 0.000010 0.000010 0.000010 0.000010 0.084355 0.000010 0.000010 0.000010 0.676023
0.046951 0.000010 0.000010 0.000010 0.000010 0.000010 0.000010 0.000010 0.000010 0.000010 0.000010 0.000010 0.153893 0.141003 0.000010 0.144846 0.000010 0.000010 0.513167
0.000010 0.000010 0.000010 0.157783 0.051869 0.000010 0.000010 0.000010 0.000010 0.249054 0.000010 0.000010 0.000010 0.000010 0.000010 0.000010 0.000010 0.000010 0.541145
0.188702 0.000010 0.000010 0.000010 0.000010 0.000010 0.000010 0.000010 0.000010 0.133039 0.000010 0.000010 0.000010 0.136503 0.000010 0.000010 0.000010 0.000010 0.541605
0.124457 0.000010 0.000010 0.000010 0.000010 0.000010 0.000010 0.000010 0.000010 0.070028 0.000010 0.000010 0.000010 0.000010 0.000010 0.142945 0.008925 0.000010 0.653504
0.999820 0.000010 0.000010 0.000010 0.000010 0.000010 0.000010 0.000010 0.000010 0.000010 0.000010 0.000010 0.000010 0.000010 0.000010 0.000010 0.000010 0.000010 0.000010
0.248084 0.000010 0.000010 0.000010 0.000010 0.000010 0.000010 0.000010 0.000010 0.254597 0.000010 0.000010 0.000010 0.000010 0.000010 0.000010 0.000010 0.000010 0.497159
0.181766 0.000010 0.000010 0.000010 0.000010 0.000010 0.000010 0.000010 0.000010 0.000010 0.005076 0.000010 0.115489 0.155889 0.000010 0.088770 0.000010 0.000010 0.452880
0.074220 0.000010 0.000010 0.000010 0.000010 0.000010 0.000010 0.000010 0.013148 0.000010 0.064374 0.000010 0.000010 0.119119 0.028892 0.000010 0.000010 0.000010 0.700118
0.000010 0.000010 0.000010 0.000010 0.000010 0.000010 0.000010 0.000010 0.000010 0.230522 0.000010 0.000010 0.000010 0.000010 0.119116 0.014229 0.000010 0.000010 0.635983
0.196680 0.000010 0.000010 0.000010 0.000010 0.000010 0.000010 0.000010 0.000010 0.000010 0.143601 0.000010 0.000010 0.124461 0.000010 0.000010 0.000010 0.000010 0.535108
0.000010 0.000010 0.000010 0.000010 0.000010 0.000010 0.000010 0.000010 0.102733 0.000010 0.000010 0.000010 0.000010 0.000010 0.000010 0.000010 0.000010 0.000010 0.897097
0.000010 0.000010 0.000010 0.000010 0.000010 0.000010 0.000010 0.000010 0.000010 0.318267 0.000010 0.000010 0.000010 0.000010 0.000010 0.000010 0.000010 0.000010 0.681563
0.087162 0.000010 0.000010 0.054598 0.000010 0.000010 0.000010 0.000010 0.000010 0.276754 0.000010 0.000010 0.000010 0.000010 0.000010 0.000010 0.068656 0.000010 0.512690
0.000010 0.000010 0.000010 0.000010 0.000010 0.000010 0.000010 0.000010 0.000010 0.000010 0.000010 0.000010 0.000010 0.187308 0.000010 0.000010 0.000010 0.000010 0.812522
0.110845 0.000010 0.000010 0.000010 0.000010 0.000010 0.000010 0.000010 0.000010 0.000010 0.000010 0.145747 0.000010 0.000010 0.000010 0.005489 0.000010 0.000010 0.737769
0.000010 0.000010 0.000010 0.000010 0.000010 0.000010 0.000010 0.000010 0.222838 0.000010 0.000010 0.000010 0.000010 0.000010 0.000010 0.000010 0.000010 0.000010 0.776992
0.000010 0.026432 0.000010 0.000010 0.000010 0.001966 0.000010 0.000010 0.228770 0.000010 0.000010 0.000010 0.000010 0.000010 0.000010 0.000010 0.000010 0.000010 0.742683
0.050138 0.021865 0.000010 0.000010 0.000010 0.000010 0.000010 0.000010 0.000010 0.000010 0.024545 0.137108 0.075867 0.000010 0.094507 0.000010 0.000010 0.000010 0.595849
0.217951 0.000010 0.000010 0.000010 0.000010 0.000010 0.000010 0.000010 0.000010 0.000010 0.000010 0.000010 0.084207 0.199445 0.004672 0.000010 0.000010 0.000010 0.493586
0.099630 0.000010 0.000010 0.000010 0.000010 0.000010 0.000010 0.000010 0.000010 0.000010 0.119079 0.000010 0.000010 0.265691 0.000010 0.000010 0.000010 0.000010 0.515450
0.000010 0.000010 0.000010 0.000010 0.000010 0.000010 0.000010 0.000010 0.000010 0.000010 0.085255 0.000010 0.000010 0.217186 0.000010 0.000010 0.000010 0.000010 0.697399
0.000010 0.000010 0.000010 0.000010 0.000010 0.000010 0.000010 0.000010 0.000010 0.000010 0.000010 0.154807 0.000010 0.000010 0.028386 0.119711 0.000010 0.000010 0.696946
0.000010 0.000010 0.000010 0.000010 0.000010 0.000010 0.000010 0.000010 0.000010 0.000010 0.000010 0.254690 0.000010 0.000010 0.026965 0.000010 0.000010 0.000010 0.718184
0.000010 0.000010 0.000010 0.000010 0.000010 0.000010 0.000010 0.000010 0.000010 0.000010 0.202195 0.000010 0.000010 0.000010 0.000010 0.000010 0.000010 0.000010 0.797635
0.000010 0.000010 0.000010 0.000010 0.000010 0.000010 0.000010 0.000010 0.226432 0.000010 0.000010 0.000010 0.000010 0.000010 0.000010 0.000010 0.000010 0.000010 0.773398
0.000010 0.000010 0.000010 0.000010 0.000010 0.000010 0.000010 0.000010 0.222942 0.000010 0.000010 0.000010 0.000010 0.000010 0.000010 0.000010 0.000010 0.000010 0.776888
0.000010 0.000010 0.000010 0.042646 0.000010 0.000010 0.000010 0.000010 0.162393 0.000010 0.000010 0.067638 0.000010 0.000010 0.000010 0.000010 0.000010 0.000010 0.727173
0.000010 0.000010 0.000010 0.000010 0.000010 0.000010 0.000010 0.000010 0.000010 0.000010 0.000010 0.100597 0.000010 0.000010 0.000010 0.000010 0.899233 0.000010 0.000010
0.000010 0.000010 0.000010 0.000010 0.000010 0.003810 0.000010 0.000010 0.000010 0.000010 0.000010 0.000010 0.000010 0.206543 0.000010 0.000010 0.789487 0.000010 0.000010
0.000010 0.000010 0.000010 0.000010 0.000010 0.000010 0.000010 0.000010 0.000010 0.188191 0.000010 0.000010 0.000010 0.000010 0.000010 0.000010 0.811639 0.000010 0.000010
0.000010 0.000010 0.000010 0.000010 0.000010 0.000010 0.000010 0.000010 0.000010 0.181710 0.000010 0.000010 0.000010 0.000010 0.000010 0.000010 0.818120 0.000010 0.000010
0.000010 0.000010 0.000010 0.000010 0.063049 0.000010 0.000010 0.000010 0.038363 0.000010 0.000010 0.000010 0.000010 0.178121 0.000010 0.000010 0.720317 0.000010 0.000010
0.000010 0.000010 0.000010 0.000010 0.000010 0.000010 0.000010 0.000010 0.000010 0.298056 0.000010 0.000010 0.000010 0.000010 0.000010 0.000010 0.701774 0.000010 0.000010
0.000010 0.000010 0.000010 0.000010 0.000010 0.000010 0.000010 0.000010 0.000010 0.269986 0.000010 0.000010 0.000010 0.000010 0.000010 0.000010 0.729844 0.000010 0.000010
0.000010 0.000010 0.000010 0.000010 0.000010 0.000010 0.000010 0.000010 0.000010 0.000010 0.000010 0.000010 0.000010 0.176209 0.000010 0.000010 0.823621 0.000010 0.000010
0.000010 0.000010 0.000010 0.000010 0.000010 0.000010 0.000010 0.000010 0.000010 0.236491 0.000010 0.000010 0.000010 0.000010 0.000010 0.000010 0.763339 0.000010 0.000010
0.000010 0.000010 0.000010 0.000010 0.000010 0.000010 0.000010 0.000010 0.062833 0.000010 0.000010 0.000010 0.000010 0.165742 0.000010 0.000010 0.771265 0.000010 0.000010
0.000010 0.017014 0.000010 0.000010 0.000010 0.000010 0.000010 0.000010 0.000010 0.000010 0.000010 0.000010 0.000010 0.000010 0.000010 0.122359 0.860467 0.000010 0.000010
0.000010 0.000010 0.000010 0.000011 0.000010 0.000010 0.000010 0.000010 0.000010 0.195568 0.000010 0.000010 0.000010 0.000010 0.000010 0.000010 0.804261 0.000010 0.000010
0.000010 0.000010 0.000010 0.000010 0.000010 0.000010 0.000010 0.000010 0.000010 0.000010 0.047650 0.000010 0.000010 0.000010 0.000010 0.174478 0.777712 0.000010 0.000010
0.000010 0.000010 0.000010 0.000010 0.000010 0.000010 0.000010 0.000010 0.165861 0.000010 0.000010 0.000010 0.000010 0.000010 0.000010 0.000010 0.833969 0.000010 0.000010
0.000010 0.000010 0.000010 0.000010 0.000010 0.000010 0.000010 0.000010 0.000010 0.000010 0.087268 0.000010 0.000010 0.000010 0.000010 0.000010 0.912562 0.000010 0.000010
0.000010 0.000010 0.000010 0.000010 0.000010 0.000010 0.000010 0.000010 0.000010 0.000010 0.000010 0.215233 0.000010 0.000010 0.000010 0.000010 0.784597 0.000010 0.000010
0.000010 0.000010 0.000010 0.000010 0.000010 0.000010 0.000010 0.000010 0.000010 0.000010 0.000010 0.149965 0.000010 0.000010 0.000010 0.000010 0.849865 0.000010 0.000010
0.000010 0.000010 0.000010 0.000010 0.000010 0.000010 0.000010 0.000010 0.000010 0.217310 0.000010 0.000010 0.000010 0.000010 0.000010 0.000010 0.782520 0.000010 0.000010
0.000010 0.000010 0.000010 0.000010 0.000010 0.000010 0.000010 0.000010 0.000010 0.000010 0.192938 0.000010 0.000010 0.000010 0.000010 0.000010 0.806892 0.000010 0.000010
0.000010 0.000010 0.000010 0.000010 0.000010 0.000010 0.000010 0.000010 0.000010 0.264916 0.000010 0.000010 0.000010 0.000010 0.000010 0.000010 0.734914 0.000010 0.000010
0.000010 0.000010 0.000010 0.000010 0.000010 0.000010 0.000010 0.000010 0.000010 0.000010 0.222946 0.000010 0.000010 0.000010 0.000010 0.000010 0.776884 0.000010 0.000010
0.000010 0.000010 0.000010 0.000010 0.000010 0.000010 0.000010 0.000010 0.000010 0.215122 0.000010 0.000010 0.000010 0.000010 0.000010 0.000010 0.784708 0.000010 0.000010
0.000010 0.000010 0.000010 0.000010 0.000010 0.000010 0.000010 0.000010 0.000010 0.000010 0.000010 0.000010 0.000010 0.097638 0.000010 0.168980 0.733222 0.000010 0.000010
0.000010 0.000010 0.000010 0.000010 0.000010 0.000010 0.000010 0.000010 0.000010 0.000010 0.000010 0.185219 0.000010 0.000010 0.000010 0.000010 0.814611 0.000010 0.000010
0.000010 0.000010 0.000010 0.000010 0.000010 0.000010 0.000010 0.000010 0.077834 0.000010 0.000010 0.000010 0.000010 0.122840 0.000010 0.077265 0.721910 0.000010 0.000010
0.000010 0.015818 0.000010 0.000010 0.000010 0.000010 0.000010 0.000010 0.176718 0.000010 0.000010 0.000010 0.000010 0.000010 0.000010 0.000010 0.807304 0.000010 0.000010
0.000010 0.000010 0.000010 0.000010 0.000010 0.000010 0.000010 0.000010 0.000010 0.240013 0.000010 0.000010 0.000010 0.000010 0.000010 0.000010 0.759817 0.000010 0.000010
0.000010 0.000010 0.000010 0.000010 0.000010 0.000010 0.000010 0.000010 0.000010 0.138285 0.098984 0.000010 0.000010 0.000010 0.000010 0.000010 0.762571 0.000010 0.000010
0.000010 0.000010 0.000010 0.000010 0.000010 0.000010 0.000010 0.000010 0.184259 0.000010 0.000010 0.000010 0.000010 0.000010 0.000010 0.000010 0.815571 0.000010 0.000010
0.000010 0.000010 0.000010 0.000010 0.000010 0.000010 0.000010 0.000010 0.000010 0.000010 0.000010 0.000010 0.000010 0.000010 0.000010 0.258571 0.741259 0.000010 0.000010
0.000010 0.000010 0.000010 0.000010 0.000010 0.000010 0.000010 0.000010 0.000010 0.000010 0.000010 0.000010 0.000010 0.306457 0.000010 0.000010 0.693373 0.000010 0.000010
0.000010 0.000010 0.000010 0.000010 0.000010 0.000010 0.000010 0.000010 0.000010 0.000010 0.000010 0.000010 0.000010 0.176553 0.000010 0.000010 0.823269 0.000018 0.000010
0.050713 0.000010 0.000010 0.395622 0.074061 0.000010 0.000010 0.000010 0.000010 0.058931 0.000010 0.000010 0.420534 0.000010 0.000010 0.000010 0.000010 0.000010 0.000010
0.000010 0.000010 0.000010 0.000010 0.000010 0.000010 0.000010 0.000010 0.151742 0.000010 0.000010 0.000010 0.000010 0.000010 0.848088 0.000010 0.000010 0.000010 0.000010
0.000010 0.000010 0.000010 0.000010 0.000010 0.000010 0.000010 0.000010 0.000010 0.000010 0.000010 0.035153 0.000010 0.000010 0.964677 0.000010 0.000010 0.000010 0.000010
0.000010 0.000010 0.000010 0.000010 0.166314 0.000010 0.000010 0.000010 0.000010 0.000010 0.030648 0.000010 0.148017 0.000010 0.597260 0.000010 0.057622 0.000010 0.000010
0.000010 0.000010 0.000010 0.034317 0.000010 0.000010 0.000010 0.000010 0.000010 0.000010 0.000010 0.082087 0.000010 0.000010 0.753093 0.000010 0.016882 0.000010 0.113481
0.053721 0.000010 0.000010 0.140637 0.000010 0.000010 0.000010 0.000010 0.000010 0.000010 0.000010 0.000010 0.000010 0.144615 0.660877 0.000010 0.000010 0.000010 0.000010
0.000010 0.000010 0.000010 0.999820 0.000010 0.000010 0.000010 0.000010 0.000010 0.000010 0.000010 0.000010 0.000010 0.000010 0.000010 0.000010 0.000010 0.000010 0.000010
0.000010 0.000010 0.000010 0.000010 0.000010 0.000010 0.000010 0.000010 0.000010 0.000010 0.000010 0.091002 0.000010 0.000010 0.908828 0.000010 0.000010 0.000010 0.000010
0.000010 0.000010 0.000010 0.000010 0.196089 0.000010 0.000010 0.000010 0.028284 0.005880 0.000010 0.000010 0.000010 0.000010 0.626680 0.054782 0.000010 0.000010 0.088155
0.212881 0.000010 0.000010 0.000010 0.000010 0.000010 0.000010 0.000010 0.000010 0.000010 0.086401 0.000010 0.000010 0.000010 0.700558 0.000010 0.000010 0.000010 0.000010
0.000010 0.000010 0.000010 0.000010 0.000010 0.000010 0.000010 0.000010 0.032459 0.000010 0.000010 0.000010 0.000010 0.000010 0.967371 0.000010 0.000010 0.000010 0.000010
0.000010 0.000010 0.000010 0.000010 0.000010 0.000010 0.000010 0.000010 0.000010 0.025647 0.000010 0.000010 0.000010 0.000010 0.926898 0.000010 0.047295 0.000010 0.000010
0.000010 0.000010 0.000010 0.000010 0.000010 0.000010 0.000010 0.000010 0.000010 0.000010 0.000010 0.000010 0.000010 0.250619 0.749211 0.000010 0.000010 0.000010 0.000010
0.000010 0.000010 0.000010 0.000010 0.130225 0.001077 0.000010 0.000010 0.000010 0.000010 0.000010 0.000010 0.173380 0.000010 0.610213 0.084965 0.000010 0.000010 0.000010
0.000010 0.000010 0.000010 0.000010 0.000010 0.000010 0.000010 0.000010 0.000010 0.000010 0.000010 0.118763 0.000010 0.000010 0.881067 0.000010 0.000010 0.000010 0.000010
0.145726 0.000010 0.000010 0.000010 0.063008 0.000010 0.000010 0.000010 0.000010 0.000010 0.122145 0.000010 0.113727 0.057474 0.497789 0.000010 0.000010 0.000010 0.000010
