0.138408 0.119077 0.000010 0.000010 0.000010 0.000010 0.000010 0.000010 0.000010 0.000010 0.000010 0.742426
0.185443 0.100198 0.000010 0.009736 0.000010 0.000010 0.000010 0.000010 0.000010 0.000010 0.000010 0.704543
0.336133 0.000010 0.000010 0.094223 0.000010 0.000010 0.000010 0.000010 0.000010 0.000010 0.000010 0.569554
0.166874 0.000010 0.000010 0.054535 0.000010 0.000010 0.028848 0.000010 0.019558 0.000010 0.000010 0.730115
0.312369 0.000010 0.000010 0.024326 0.000010 0.000010 0.031349 0.000010 0.031767 0.000010 0.000010 0.600118
0.132117 0.107659 0.000010 0.106804 0.000010 0.000010 0.014269 0.000010 0.000010 0.000010 0.000010 0.639081
0.089068 0.000010 0.151908 0.000010 0.000010 0.008240 0.000010 0.000010 0.091409 0.000010 0.000010 0.659305
0.200340 0.000010 0.000010 0.066547 0.000010 0.061192 0.010305 0.000010 0.000010 0.000010 0.000010 0.661547
0.000010 0.000010 0.000010 0.000010 0.000010 0.000010 0.012138 0.000010 0.000010 0.000010 0.136428 0.851344
0.000010 0.000010 0.291606 0.000010 0.000010 0.000010 0.000010 0.000010 0.000010 0.000010 0.000010 0.708294
0.112382 0.000010 0.098679 0.008098 0.000010 0.022753 0.000010 0.000010 0.000010 0.000010 0.074151 0.683877
0.225515 0.000010 0.018183 0.052232 0.000010 0.037492 0.000010 0.000010 0.032485 0.000010 0.000010 0.634033
0.000010 0.000010 0.000010 0.075180 0.000010 0.000010 0.000010 0.000010 0.000010 0.000010 0.088166 0.836564
0.000010 0.000010 0.000010 0.000010 0.000010 0.000010 0.000010 0.000010 0.000010 0.000010 0.043346 0.956554
0.000010 0.108965 0.042608 0.000010 0.000010 0.006826 0.000010 0.000010 0.000010 0.000010 0.000010 0.841521
0.213339 0.000010 0.000010 0.000010 0.000010 0.008449 0.000010 0.000010 0.000010 0.000010 0.000010 0.778122
0.150768 0.000010 0.004625 0.043282 0.000010 0.048394 0.000010 0.000010 0.065646 0.000010 0.000010 0.687225
0.066622 0.000010 0.000010 0.011254 0.000010 0.000010 0.000010 0.000010 0.000010 0.000010 0.088166 0.833877
0.000010 0.000010 0.209408 0.000010 0.000010 0.020242 0.000010 0.000010 0.033120 0.000010 0.000010 0.737150
0.239036 0.030798 0.000010 0.000010 0.000010 0.040870 0.000010 0.000010 0.000010 0.000010 0.000010 0.689216
0.171596 0.000010 0.000010 0.000010 0.000010 0.000010 0.000010 0.000010 0.000010 0.000010 0.067776 0.760538
0.085406 0.040299 0.000010 0.170175 0.000010 0.000010 0.000010 0.000010 0.051362 0.019116 0.000010 0.633583
0.000010 0.106478 0.079695 0.000010 0.000010 0.000010 0.000010 0.000010 0.000010 0.000010 0.000010 0.813737
0.000010 0.052471 0.297605 0.000010 0.000010 0.000010 0.000010 0.000010 0.000010 0.000010 0.000010 0.649834
0.000010 0.030040 0.038033 0.000010 0.000010 0.020597 0.000010 0.000010 0.000010 0.000010 0.000010 0.911250
0.000010 0.000010 0.127450 0.000010 0.000010 0.018841 0.029018 0.000010 0.029125 0.000010 0.000010 0.795497
0.000010 0.000010 0.154495 0.000010 0.000010 0.022098 0.000010 0.000010 0.000010 0.000010 0.105080 0.718247
0.203735 0.072794 0.000010 0.000010 0.000010 0.000010 0.007142 0.000010 0.000010 0.000010 0.000010 0.716249
0.131702 0.024854 0.000010 0.027776 0.000010 0.000010 0.000010 0.000010 0.000010 0.000010 0.070488 0.745110
0.243065 0.022590 0.054797 0.010614 0.000010 0.000010 0.007543 0.000010 0.000010 0.000010 0.000010 0.661330
0.000010 0.000010 0.000010 0.000010 0.000010 0.015500 0.063072 0.000010 0.009564 0.000010 0.000010 0.911783
0.272663 0.000010 0.000013 0.000010 0.000010 0.000010 0.000010 0.000010 0.000010 0.000010 0.111327 0.615917
0.044733 0.000010 0.000010 0.000010 0.000010 0.000010 0.000010 0.000010 0.102194 0.000010 0.000010 0.852983
0.000010 0.000010 0.000010 0.088826 0.000010 0.000010 0.026255 0.000010 0.051978 0.000010 0.000010 0.832861
0.069030 0.000010 0.000010 0.067718 0.000010 0.000010 0.000010 0.000010 0.121125 0.000010 0.038037 0.704021
0.007505 0.000010 0.108536 0.814447 0.000010 0.000010 0.000010 0.000010 0.000010 0.000010 0.000010 0.069433
0.097149 0.000010 0.013896 0.745672 0.000010 0.000010 0.049831 0.000010 0.000010 0.000010 0.000010 0.093382
0.000010 0.000010 0.000010 0.804967 0.000010 0.000010 0.041834 0.000010 0.046107 0.000010 0.000010 0.107012
0.150513 0.000010 0.000010 0.795663 0.000010 0.015121 0.000010 0.000010 0.000010 0.000010 0.000010 0.038623
0.000010 0.000010 0.197930 0.695141 0.000010 0.000010 0.000010 0.000010 0.000010 0.000010 0.000010 0.106839
0.039177 0.061562 0.067430 0.644433 0.000010 0.000010 0.000010 0.003030 0.000010 0.000010 0.000010 0.184308
0.187482 0.000010 0.000010 0.812418 0.000010 0.000010 0.000010 0.000010 0.000010 0.000010 0.000010 0.000010
0.000010 0.078132 0.000010 0.636593 0.000010 0.000010 0.000010 0.000010 0.000010 0.000010 0.000010 0.285185
0.000010 0.000010 0.000010 0.727626 0.000010 0.042517 0.000010 0.000010 0.025502 0.000010 0.000010 0.204276
0.010537 0.030825 0.027529 0.791856 0.000010 0.000010 0.000010 0.000010 0.000010 0.000010 0.000010 0.139183
0.000010 0.000010 0.000010 0.652684 0.000010 0.000010 0.000010 0.000010 0.000010 0.000010 0.143837 0.203388
0.000010 0.000010 0.000010 0.772672 0.000010 0.000010 0.000010 0.000010 0.000010 0.000010 0.100602 0.126636
0.160325 0.016207 0.000010 0.754531 0.000010 0.000010 0.000010 0.000010 0.038792 0.000010 0.000010 0.030075
0.153162 0.064385 0.000010 0.762736 0.000010 0.000010 0.007770 0.000010 0.011877 0.000010 0.000010 0.000010
0.088576 0.000010 0.000010 0.808733 0.000010 0.000010 0.000010 0.000010 0.000010 0.009591 0.041439 0.051590
0.000010 0.015477 0.205754 0.778679 0.000010 0.000010 0.000010 0.000010 0.000010 0.000010 0.000010 0.000010
0.138093 0.000010 0.000010 0.861807 0.000010 0.000010 0.000010 0.000010 0.000010 0.000010 0.000010 0.000010
0.076758 0.000010 0.069692 0.788062 0.000010 0.065407 0.000010 0.000010 0.000010 0.000010 0.000011 0.000010
0.144107 0.000010 0.000010 0.668826 0.000010 0.000010 0.039995 0.000010 0.025978 0.000010 0.006666 0.114369
0.105741 0.000010 0.000010 0.839145 0.000010 0.009110 0.009592 0.000010 0.000010 0.000010 0.000010 0.036342
0.150103 0.000010 0.000010 0.802729 0.000010 0.047078 0.000010 0.000010 0.000010 0.000010 0.000010 0.000010
0.122777 0.000010 0.000010 0.746336 0.000010 0.000010 0.000010 0.000010 0.089396 0.000010 0.000010 0.041412
0.000010 0.009573 0.165174 0.690089 0.000010 0.000010 0.074321 0.000010 0.060773 0.000010 0.000010 0.000010
0.220052 0.000010 0.000010 0.701629 0.000010 0.033447 0.044791 0.000010 0.000010 0.000010 0.000010 0.000010
0.000010 0.172459 0.000010 0.786070 0.000010 0.000010 0.000010 0.000010 0.000010 0.000010 0.000010 0.041381
0.079131 0.000010 0.000010 0.700627 0.000010 0.000010 0.109865 0.000010 0.029726 0.000010 0.044785 0.035807
0.088873 0.000010 0.000010 0.849738 0.000010 0.000245 0.035063 0.000010 0.026011 0.000010 0.000010 0.000010
0.010744 0.000010 0.000010 0.753711 0.000010 0.000010 0.083840 0.000010 0.095674 0.000010 0.055959 0.000010
0.000010 0.020679 0.000010 0.760985 0.000010 0.048987 0.062643 0.000010 0.014331 0.000010 0.043212 0.049113
0.000010 0.000010 0.000010 0.652367 0.000010 0.000010 0.027960 0.000010 0.121267 0.000010 0.000010 0.198326
0.061603 0.000010 0.000010 0.795847 0.000010 0.000010 0.058281 0.000010 0.084189 0.000010 0.000010 0.000010
0.000010 0.024623 0.000010 0.789907 0.000010 0.000010 0.043847 0.000010 0.082715 0.000010 0.024254 0.034595
0.000010 0.000010 0.000010 0.824367 0.000010 0.027049 0.024863 0.000010 0.115804 0.000010 0.007846 0.000010
0.000010 0.105543 0.000010 0.739013 0.000010 0.041040 0.039046 0.000010 0.000010 0.000010 0.075288 0.000010
0.026686 0.000010 0.000010 0.817299 0.000010 0.000010 0.000010 0.000010 0.000010 0.000010 0.155925 0.000010
0.092848 0.114313 0.000010 0.792748 0.000010 0.000010 0.000010 0.000010 0.000010 0.000010 0.000010 0.000010
0.038263 0.000010 0.000010 0.761868 0.000010 0.000010 0.012462 0.000010 0.000010 0.000010 0.069441 0.117896
0.000010 0.000010 0.177362 0.725780 0.000010 0.017382 0.000010 0.000010 0.000010 0.000010 0.079396 0.000010
0.000010 0.019989 0.000010 0.643990 0.000010 0.000010 0.000010 0.000010 0.023409 0.000010 0.138637 0.173905
0.000010 0.019874 0.000010 0.686467 0.000010 0.041270 0.058540 0.000010 0.018954 0.000010 0.000010 0.174836
0.095625 0.029129 0.000010 0.716702 0.006179 0.011465 0.056847 0.000010 0.080924 0.003089 0.000010 0.000010
0.000010 0.000010 0.000010 0.829371 0.000010 0.000010 0.020342 0.000010 0.003265 0.000010 0.146942 0.000010
0.009680 0.000010 0.003174 0.823478 0.000010 0.000010 0.017902 0.000010 0.015068 0.000010 0.130637 0.000010
0.095663 0.000010 0.000010 0.748726 0.000010 0.000010 0.000010 0.000010 0.053058 0.000010 0.028449 0.074034
0.000010 0.000010 0.180204 0.676848 0.000010 0.077011 0.065857 0.000010 0.000010 0.000010 0.000010 0.000010
0.000010 0.000010 0.072125 0.737826 0.000010 0.000010 0.020107 0.000010 0.029509 0.000010 0.140363 0.000010
0.000010 0.032871 0.000010 0.053634 0.000010 0.012412 0.848477 0.000010 0.000010 0.000010 0.000010 0.052536
0.051729 0.000010 0.000010 0.000010 0.000010 0.000010 0.826491 0.000010 0.000010 0.000010 0.121689 0.000010
0.133917 0.000010 0.000010 0.000010 0.000010 0.000010 0.834655 0.000010 0.031338 0.000010 0.000010 0.000010
0.000010 0.000010 0.076560 0.013068 0.000010 0.015269 0.895023 0.000010 0.000010 0.000010 0.000010 0.000010
0.000010 0.117687 0.073090 0.000010 0.000010 0.000010 0.809133 0.000010 0.000010 0.000010 0.000010 0.000010
0.000010 0.000010 0.007025 0.000010 0.000010 0.061456 0.800702 0.000010 0.055673 0.000010 0.033884 0.041201
0.000010 0.027998 0.000010 0.000010 0.000010 0.000010 0.820907 0.000010 0.045972 0.008473 0.076549 0.020042
0.000010 0.133281 0.133746 0.000010 0.000010 0.000010 0.722714 0.010179 0.000010 0.000010 0.000010 0.000010
0.000010 0.000010 0.000010 0.013878 0.000010 0.007111 0.810707 0.000010 0.080979 0.000010 0.000010 0.087254
0.022848 0.000010 0.000010 0.000010 0.000010 0.000010 0.822830 0.000010 0.000010 0.000010 0.109551 0.044690
0.000010 0.069883 0.000010 0.000010 0.000010 0.042116 0.795418 0.000010 0.026220 0.000010 0.017237 0.049066
0.086796 0.015803 0.000010 0.000010 0.000010 0.000010 0.851979 0.000010 0.027573 0.000010 0.000010 0.017779
0.000010 0.000010 0.045017 0.057765 0.000010 0.000010 0.826306 0.000010 0.070832 0.000010 0.000010 0.000010
0.000010 0.000010 0.089327 0.000010 0.000010 0.000010 0.832687 0.000010 0.000010 0.000010 0.077896 0.000010
0.043328 0.130174 0.000010 0.017383 0.000010 0.035744 0.773302 0.000010 0.000010 0.000010 0.000010 0.000010
0.000010 0.000010 0.079024 0.000010 0.000010 0.000010 0.790922 0.000010 0.000019 0.000010 0.129955 0.000010
0.000010 0.000010 0.000010 0.000010 0.000010 0.000010 0.879658 0.000010 0.120242 0.000010 0.000010 0.000010
0.000010 0.069919 0.134707 0.000010 0.000010 0.000010 0.795284 0.000010 0.000010 0.000010 0.000010 0.000010
0.000010 0.000010 0.000010 0.000010 0.000010 0.030827 0.902209 0.000010 0.018954 0.000010 0.000010 0.047931
0.103850 0.000010 0.000010 0.000010 0.000010 0.000010 0.896050 0.000010 0.000010 0.000010 0.000010 0.000010
0.000010 0.000010 0.043818 0.000010 0.000010 0.055291 0.873593 0.000010 0.027218 0.000010 0.000010 0.000010
0.000010 0.060048 0.086017 0.000010 0.000010 0.045755 0.791643 0.000010 0.000010 0.000010 0.000010 0.016466
0.000010 0.000010 0.000010 0.000010 0.000010 0.000010 0.904491 0.000010 0.000010 0.000010 0.079683 0.015736
0.000010 0.033100 0.000010 0.000010 0.000010 0.000010 0.775055 0.000010 0.055802 0.000010 0.064764 0.071209
0.001402 0.000010 0.000010 0.000010 0.000010 0.000010 0.908293 0.000010 0.013709 0.000010 0.076515 0.000010
0.053397 0.007067 0.000010 0.017165 0.000010 0.025431 0.822901 0.008015 0.021419 0.000010 0.044565 0.000010
0.001161 0.070661 0.000010 0.000010 0.000010 0.009228 0.918870 0.000010 0.000010 0.000010 0.000010 0.000010
0.000010 0.000010 0.000010 0.000010 0.000010 0.000010 0.879542 0.000010 0.028263 0.000010 0.040332 0.051783
0.000010 0.124728 0.082820 0.000010 0.000010 0.021505 0.770867 0.000010 0.000010 0.000010 0.000010 0.000010
0.000010 0.000010 0.000010 0.000010 0.004600 0.000010 0.854341 0.008714 0.074034 0.000010 0.035603 0.022648
0.035097 0.000010 0.000010 0.003179 0.000010 0.017601 0.944043 0.000010 0.000010 0.000010 0.000010 0.000010
0.003750 0.000010 0.000010 0.044506 0.000010 0.064881 0.814897 0.000010 0.071896 0.000010 0.000010 0.000010
0.000010 0.013003 0.000010 0.000010 0.000010 0.027507 0.843836 0.000010 0.090821 0.000010 0.000010 0.024763
0.045137 0.024070 0.000010 0.000010 0.000010 0.000010 0.807755 0.000010 0.027997 0.000010 0.094970 0.000010
0.000010 0.040518 0.070687 0.000010 0.000010 0.008600 0.790430 0.000010 0.000010 0.000010 0.089694 0.000010
0.000010 0.016178 0.000010 0.000010 0.000010 0.028532 0.934456 0.000010 0.000010 0.000010 0.000010 0.020754
0.000010 0.100403 0.000010 0.000010 0.000010 0.000010 0.840712 0.000010 0.000010 0.000010 0.000010 0.058795
0.074562 0.000010 0.000010 0.005686 0.000010 0.000010 0.824866 0.000010 0.019763 0.000010 0.075053 0.000010
0.039516 0.000010 0.000010 0.014412 0.000010 0.000010 0.933327 0.000010 0.000991 0.000010 0.011684 0.000010
0.000010 0.000010 0.000010 0.000010 0.000010 0.000010 0.856340 0.000010 0.081074 0.000010 0.062496 0.000010
0.079275 0.003414 0.000010 0.001209 0.000010 0.000010 0.840610 0.000010 0.075423 0.000010 0.000010 0.000010
0.076056 0.116111 0.000010 0.000010 0.000010 0.000011 0.807742 0.000010 0.000010 0.000010 0.000010 0.000010
0.000010 0.000010 0.000010 0.000010 0.000010 0.000010 0.857695 0.000010 0.091707 0.000010 0.000010 0.050508
0.018383 0.000010 0.000010 0.047971 0.000010 0.020442 0.827307 0.000010 0.000010 0.000010 0.085828 0.000010
0.000010 0.127272 0.089545 0.000010 0.000010 0.035176 0.747927 0.000010 0.000010 0.000010 0.000010 0.000010
0.000010 0.018411 0.113569 0.000010 0.000010 0.000010 0.796701 0.000010 0.000010 0.000010 0.071238 0.000010
0.000010 0.040985 0.000010 0.000010 0.000010 0.000010 0.954146 0.000010 0.000010 0.000010 0.004779 0.000010
0.061344 0.000010 0.000010 0.000010 0.000010 0.023938 0.861794 0.000010 0.000010 0.000010 0.050300 0.002555
0.000010 0.000010 0.068388 0.000010 0.000010 0.000010 0.762320 0.000010 0.000010 0.000010 0.169202 0.000010
0.043041 0.000010 0.000010 0.000010 0.000010 0.000010 0.925145 0.000010 0.000010 0.000010 0.000010 0.031724
0.000010 0.000010 0.092988 0.000010 0.000010 0.084718 0.792443 0.000010 0.000010 0.000010 0.029770 0.000010
0.023344 0.000010 0.000010 0.000010 0.000010 0.000010 0.834847 0.000010 0.075103 0.000010 0.004196 0.062440
0.000010 0.000010 0.000010 0.003369 0.000010 0.018680 0.903565 0.000010 0.060800 0.000010 0.000010 0.013516
0.000010 0.000010 0.000010 0.000010 0.000010 0.035222 0.830595 0.000010 0.114092 0.000010 0.000010 0.020010
0.055612 0.101046 0.000010 0.000010 0.000010 0.002469 0.840794 0.000010 0.000010 0.000010 0.000010 0.000010
0.000010 0.000010 0.090084 0.000010 0.000010 0.038238 0.781448 0.000010 0.000010 0.000010 0.090150 0.000010
0.000010 0.000010 0.003397 0.048719 0.000010 0.000010 0.898327 0.000010 0.049478 0.000010 0.000010 0.000010
0.000010 0.000010 0.000010 0.000010 0.000010 0.000010 0.868366 0.000010 0.000010 0.000010 0.131534 0.000010
0.079673 0.000010 0.000010 0.000010 0.000010 0.056480 0.823919 0.000010 0.000010 0.000010 0.039849 0.000010
0.000010 0.016783 0.122505 0.000010 0.000010 0.000010 0.860623 0.000010 0.000010 0.000010 0.000010 0.000010
0.000010 0.000010 0.051879 0.000010 0.000010 0.000010 0.814775 0.000010 0.000010 0.000010 0.076405 0.056860
0.000010 0.085872 0.093783 0.000010 0.000010 0.000010 0.820256 0.000010 0.000010 0.000010 0.000010 0.000010
0.000010 0.022101 0.155143 0.000010 0.000010 0.000010 0.822666 0.000010 0.000010 0.000010 0.000010 0.000010
0.109417 0.024056 0.000010 0.000010 0.000010 0.000010 0.844742 0.000010 0.021704 0.000010 0.000010 0.000010
0.000010 0.000010 0.000010 0.049278 0.000010 0.000010 0.794125 0.000010 0.000010 0.000010 0.156507 0.000010
0.000010 0.096502 0.106995 0.000010 0.000010 0.000010 0.796414 0.000010 0.000010 0.000010 0.000010 0.000010
0.000010 0.000010 0.077906 0.000010 0.000010 0.007473 0.795104 0.000010 0.003420 0.000010 0.116028 0.000010
0.112663 0.000010 0.000010 0.000010 0.000010 0.000010 0.782271 0.000010 0.000010 0.000010 0.104976 0.000010
0.044157 0.085785 0.027898 0.000010 0.000010 0.000010 0.779417 0.000010 0.000010 0.000010 0.062673 0.000010
0.000010 0.000010 0.999890 0.000010 0.000010 0.000010 0.000010 0.000010 0.000010 0.000010 0.000010 0.000010
0.999890 0.000010 0.000010 0.000010 0.000010 0.000010 0.000010 0.000010 0.000010 0.000010 0.000010 0.000010
0.999890 0.000010 0.000010 0.000010 0.000010 0.000010 0.000010 0.000010 0.000010 0.000010 0.000010 0.000010
0.546423 0.000010 0.271891 0.000010 0.000010 0.000010 0.000010 0.000010 0.181595 0.000010 0.000010 0.000010
0.987534 0.012366 0.000010 0.000010 0.000010 0.000010 0.000010 0.000010 0.000010 0.000010 0.000010 0.000010
0.282700 0.000010 0.476886 0.099353 0.000010 0.029106 0.000010 0.000010 0.111885 0.000010 0.000010 0.000010
0.548703 0.160555 0.258234 0.013994 0.000010 0.000010 0.009692 0.000010 0.000010 0.000010 0.000010 0.008762
0.643236 0.000010 0.200317 0.000010 0.000010 0.000010 0.000010 0.000010 0.129000 0.000010 0.000010 0.027368
0.511154 0.000010 0.279009 0.041640 0.000010 0.000010 0.000010 0.000010 0.000010 0.000010 0.165543 0.002584
0.517718 0.000010 0.110632 0.000010 0.000010 0.000010 0.000010 0.000010 0.171223 0.000010 0.000010 0.200347
0.000010 0.000010 0.999890 0.000010 0.000010 0.000010 0.000010 0.000010 0.000010 0.000010 0.000010 0.000010
0.625739 0.000010 0.324771 0.000010 0.000010 0.049399 0.000010 0.000010 0.000010 0.000010 0.000010 0.000010
0.000010 0.000010 0.999890 0.000010 0.000010 0.000010 0.000010 0.000010 0.000010 0.000010 0.000010 0.000010
0.000010 0.000010 0.999890 0.000010 0.000010 0.000010 0.000010 0.000010 0.000010 0.000010 0.000010 0.000010
0.000010 0.000010 0.999890 0.000010 0.000010 0.000010 0.000010 0.000010 0.000010 0.000010 0.000010 0.000010
0.493938 0.000010 0.496188 0.009784 0.000010 0.000010 0.000010 0.000010 0.000010 0.000010 0.000010 0.000010
0.370406 0.000010 0.329732 0.030215 0.000010 0.000010 0.000010 0.000010 0.179619 0.000010 0.000010 0.089957
0.371195 0.046030 0.582685 0.000010 0.000010 0.000010 0.000010 0.000010 0.000010 0.000010 0.000010 0.000010
0.743193 0.000010 0.256707 0.000010 0.000010 0.000010 0.000010 0.000010 0.000010 0.000010 0.000010 0.000010
0.476821 0.000010 0.228294 0.000010 0.000010 0.000010 0.000010 0.000010 0.230992 0.000010 0.000010 0.063813
0.428989 0.000010 0.208764 0.000010 0.000010 0.066803 0.000010 0.000010 0.197414 0.000010 0.000010 0.097960
0.632043 0.000010 0.367857 0.000010 0.000010 0.000010 0.000010 0.000010 0.000010 0.000010 0.000010 0.000010
0.712347 0.000010 0.205320 0.000010 0.000010 0.000010 0.000010 0.000010 0.000010 0.000010 0.000010 0.082243
0.999890 0.000010 0.000010 0.000010 0.000010 0.000010 0.000010 0.000010 0.000010 0.000010 0.000010 0.000010
0.999890 0.000010 0.000010 0.000010 0.000010 0.000010 0.000010 0.000010 0.000010 0.000010 0.000010 0.000010
0.663972 0.020529 0.163281 0.130677 0.000010 0.000010 0.021470 0.000010 0.000010 0.000010 0.000010 0.000010
0.367050 0.000010 0.379427 0.042678 0.000010 0.000010 0.000010 0.000010 0.000010 0.000010 0.118203 0.092571
0.424627 0.000010 0.395322 0.000010 0.000010 0.000010 0.000010 0.000010 0.000010 0.000010 0.179961 0.000010
0.588917 0.072778 0.338215 0.000010 0.000010 0.000010 0.000010 0.000010 0.000010 0.000010 0.000010 0.000010
0.999890 0.000010 0.000010 0.000010 0.000010 0.000010 0.000010 0.000010 0.000010 0.000010 0.000010 0.000010
0.999890 0.000010 0.000010 0.000010 0.000010 0.000010 0.000010 0.000010 0.000010 0.000010 0.000010 0.000010
0.999890 0.000010 0.000010 0.000010 0.000010 0.000010 0.000010 0.000010 0.000010 0.000010 0.000010 0.000010
0.999890 0.000010 0.000010 0.000010 0.000010 0.000010 0.000010 0.000010 0.000010 0.000010 0.000010 0.000010
0.999890 0.000010 0.000010 0.000010 0.000010 0.000010 0.000010 0.000010 0.000010 0.000010 0.000010 0.000010
0.999890 0.000010 0.000010 0.000010 0.000010 0.000010 0.000010 0.000010 0.000010 0.000010 0.000010 0.000010
0.000010 0.000010 0.000010 0.000010 0.000010 0.999890 0.000010 0.000010 0.000010 0.000010 0.000010 0.000010
0.000010 0.000010 0.000010 0.000010 0.000010 0.999890 0.000010 0.000010 0.000010 0.000010 0.000010 0.000010
0.000010 0.000010 0.000010 0.000010 0.000010 0.978879 0.000010 0.000010 0.021021 0.000010 0.000010 0.000010
0.000010 0.000010 0.000010 0.000010 0.000010 0.882395 0.000010 0.000010 0.117505 0.000010 0.000010 0.000010
0.000010 0.130031 0.044135 0.000010 0.000010 0.825745 0.000010 0.000010 0.000010 0.000010 0.000010 0.000010
0.000010 0.000010 0.000010 0.000010 0.000010 0.755990 0.000010 0.000010 0.243910 0.000010 0.000010 0.000010
0.000010 0.000010 0.000010 0.000010 0.000010 0.754592 0.000010 0.000010 0.245308 0.000010 0.000010 0.000010
0.000010 0.000010 0.000010 0.000010 0.000010 0.999890 0.000010 0.000010 0.000010 0.000010 0.000010 0.000010
0.000010 0.000010 0.000010 0.000010 0.000010 0.851914 0.000010 0.000010 0.147986 0.000010 0.000010 0.000010
0.000010 0.131463 0.000010 0.000010 0.000010 0.868437 0.000010 0.000010 0.000010 0.000010 0.000010 0.000010
0.000010 0.000010 0.000010 0.000010 0.000010 0.986782 0.013118 0.000010 0.000010 0.000010 0.000010 0.000010
0.000010 0.000010 0.000010 0.000010 0.000010 0.884720 0.000010 0.000010 0.115180 0.000010 0.000010 0.000010
0.000010 0.000010 0.000010 0.000010 0.000010 0.850583 0.000010 0.000010 0.000010 0.000010 0.149317 0.000010
0.000010 0.000010 0.000010 0.000010 0.000010 0.999890 0.000010 0.000010 0.000010 0.000010 0.000010 0.000010
0.000010 0.000010 0.000010 0.000010 0.000010 0.999890 0.000010 0.000010 0.000010 0.000010 0.000010 0.000010
0.000010 0.110817 0.000010 0.000010 0.000010 0.876005 0.013088 0.000010 0.000010 0.000010 0.000010 0.000010
0.000010 0.000010 0.000010 0.000010 0.000010 0.999890 0.000010 0.000010 0.000010 0.000010 0.000010 0.000010
0.000010 0.000010 0.000010 0.000010 0.000010 0.844734 0.000010 0.000010 0.155166 0.000010 0.000010 0.000010
0.000010 0.110646 0.000010 0.000010 0.000010 0.889254 0.000010 0.000010 0.000010 0.000010 0.000010 0.000010
0.000010 0.000010 0.000010 0.000010 0.000010 0.797435 0.000010 0.000010 0.202465 0.000010 0.000010 0.000010
0.000010 0.124393 0.000010 0.000010 0.000010 0.875507 0.000010 0.000010 0.000010 0.000010 0.000010 0.000010
0.000010 0.000010 0.000010 0.000010 0.000010 0.904390 0.000010 0.000010 0.095510 0.000010 0.000010 0.000010
0.000010 0.000010 0.000010 0.000010 0.000010 0.779170 0.000010 0.000010 0.000010 0.000010 0.220730 0.000010
0.000010 0.000010 0.000010 0.000010 0.000010 0.854930 0.000010 0.000010 0.000010 0.000010 0.138239 0.006741
0.000010 0.000010 0.000010 0.000010 0.000010 0.774692 0.000010 0.000010 0.000010 0.000010 0.225208 0.000010
0.000010 0.000010 0.000010 0.000010 0.000010 0.850112 0.067629 0.000010 0.000010 0.000010 0.082169 0.000010
0.005423 0.000010 0.000010 0.000010 0.000010 0.804537 0.000010 0.000010 0.189950 0.000010 0.000010 0.000010
0.000010 0.000010 0.132155 0.000010 0.000010 0.816252 0.000010 0.000010 0.051503 0.000010 0.000010 0.000010
0.000010 0.083067 0.000010 0.000010 0.000010 0.916833 0.000010 0.000010 0.000010 0.000010 0.000010 0.000010
0.000010 0.000010 0.000010 0.000010 0.000010 0.823362 0.000010 0.000010 0.000010 0.000010 0.176538 0.000010
0.000010 0.000010 0.000010 0.000010 0.000010 0.781903 0.000010 0.000010 0.000010 0.000010 0.217997 0.000010
0.000010 0.000010 0.000010 0.000010 0.000010 0.999890 0.000010 0.000010 0.000010 0.000010 0.000010 0.000010
0.000010 0.015795 0.075138 0.000010 0.000010 0.000010 0.000010 0.000010 0.089598 0.000010 0.000010 0.819389
0.009547 0.086532 0.067272 0.679747 0.000010 0.000010 0.000010 0.000010 0.000010 0.000010 0.000010 0.156831
0.000010 0.069532 0.000010 0.812593 0.000010 0.000010 0.000010 0.000010 0.000010 0.000010 0.000010 0.117784
0.083181 0.000010 0.000010 0.700506 0.000012 0.073162 0.000010 0.000010 0.000010 0.000010 0.000010 0.143068
0.062368 0.000010 0.046869 0.602176 0.000010 0.029649 0.000010 0.000010 0.000010 0.000010 0.000010 0.258869
0.000010 0.004708 0.154750 0.563847 0.000010 0.014966 0.000010 0.000010 0.000010 0.000010 0.018090 0.243579
0.162294 0.000010 0.000010 0.000010 0.000010 0.012740 0.030705 0.000010 0.000010 0.000010 0.000010 0.794181
0.020807 0.077271 0.002101 0.670127 0.000010 0.000010 0.034234 0.000010 0.000976 0.000010 0.000010 0.194433
0.233613 0.000010 0.000010 0.744858 0.000010 0.000010 0.000010 0.000010 0.021439 0.000010 0.000010 0.000010
0.000010 0.046882 0.178625 0.607627 0.000010 0.000010 0.000010 0.000010 0.000010 0.000010 0.000010 0.166786
0.000010 0.000010 0.094921 0.722689 0.000010 0.000010 0.000010 0.000010 0.006081 0.000010 0.000010 0.176229
0.000010 0.000010 0.012498 0.631012 0.000010 0.075906 0.025899 0.000010 0.000010 0.000010 0.000010 0.254616
0.000010 0.009941 0.369291 0.620678 0.000010 0.000010 0.000010 0.000010 0.000010 0.000010 0.000010 0.000010
0.067631 0.000010 0.000010 0.623147 0.000010 0.006478 0.001309 0.000010 0.000010 0.000010 0.075508 0.225867
0.000010 0.072524 0.000010 0.706648 0.000010 0.007286 0.000010 0.000010 0.000010 0.000010 0.028862 0.184609
0.000010 0.042754 0.274266 0.573955 0.000010 0.000010 0.000010 0.000010 0.000010 0.000010 0.000010 0.108945
0.000010 0.053703 0.089577 0.734853 0.000010 0.000010 0.023910 0.000010 0.000010 0.000010 0.029371 0.068526
0.088342 0.000010 0.002980 0.628243 0.000010 0.000010 0.000010 0.000010 0.000010 0.013483 0.117855 0.149036
0.099341 0.073271 0.000010 0.543217 0.000010 0.000010 0.015804 0.000010 0.000010 0.000010 0.000010 0.268296
0.055334 0.000010 0.000010 0.669852 0.000010 0.019452 0.000010 0.000010 0.000010 0.000010 0.000010 0.255282
0.000010 0.011485 0.051579 0.676139 0.000010 0.006170 0.004148 0.000010 0.026842 0.000010 0.005995 0.217602
0.000010 0.000010 0.092394 0.704862 0.000010 0.000010 0.011159 0.000010 0.000010 0.000010 0.040858 0.150656
0.000010 0.000010 0.245395 0.613169 0.000010 0.000010 0.000010 0.000010 0.000010 0.000010 0.038875 0.102481
0.114979 0.073040 0.000010 0.026159 0.000010 0.000010 0.021077 0.000010 0.000010 0.000010 0.058743 0.705943
0.078173 0.000010 0.000010 0.734729 0.000010 0.000010 0.002436 0.000010 0.036749 0.000010 0.000010 0.147843
0.000010 0.000010 0.314657 0.685243 0.000010 0.000010 0.000010 0.000010 0.000010 0.000010 0.000010 0.000010
0.000010 0.000010 0.283206 0.716694 0.000010 0.000010 0.000010 0.000010 0.000010 0.000010 0.000010 0.000010
0.000010 0.000010 0.008350 0.487170 0.000010 0.027273 0.000010 0.000010 0.000010 0.000010 0.090366 0.386771
0.000010 0.248644 0.000010 0.000010 0.000010 0.078884 0.084150 0.000010 0.109469 0.000010 0.457855 0.020938
0.000010 0.000010 0.000010 0.000010 0.000010 0.000010 0.000010 0.000010 0.000010 0.000010 0.999890 0.000010
0.000010 0.266796 0.125917 0.000010 0.000010 0.088150 0.000010 0.000010 0.000010 0.000010 0.519057 0.000010
0.000010 0.287191 0.147288 0.000010 0.000010 0.073251 0.000010 0.000010 0.000010 0.000010 0.492190 0.000010
0.000010 0.000010 0.000010 0.000010 0.000010 0.000010 0.000010 0.000010 0.000010 0.000010 0.999890 0.000010
0.000010 0.000010 0.000010 0.000010 0.000010 0.000010 0.000010 0.000010 0.000010 0.000010 0.999890 0.000010
0.000010 0.000010 0.000010 0.000010 0.000010 0.000010 0.000010 0.000010 0.000010 0.000010 0.999890 0.000010
0.000010 0.000010 0.000010 0.000010 0.000010 0.000010 0.000010 0.000010 0.000010 0.000010 0.999890 0.000010
0.000010 0.231270 0.127272 0.000010 0.000010 0.075876 0.000010 0.000010 0.000010 0.000010 0.565503 0.000010
0.062837 0.296713 0.000010 0.000010 0.000010 0.092432 0.046652 0.000010 0.000010 0.000010 0.501295 0.000010
0.000010 0.287314 0.094155 0.000010 0.000010 0.023107 0.000010 0.000010 0.000010 0.000010 0.595344 0.000010
0.000010 0.000010 0.000010 0.000010 0.000010 0.000010 0.000010 0.000010 0.000010 0.000010 0.999890 0.000010
0.000010 0.000010 0.000010 0.000010 0.000010 0.000010 0.000010 0.000010 0.000010 0.000010 0.999890 0.000010
0.000010 0.000010 0.000010 0.000010 0.000010 0.000010 0.000010 0.000010 0.000010 0.000010 0.999890 0.000010
0.000010 0.302681 0.043447 0.000010 0.000010 0.000010 0.009405 0.000010 0.000010 0.000010 0.644388 0.000010
0.000010 0.000010 0.000010 0.000010 0.000010 0.000010 0.000010 0.000010 0.202851 0.000010 0.797049 0.000010
0.000010 0.281773 0.065695 0.000010 0.000010 0.073693 0.032119 0.000010 0.002635 0.000010 0.544024 0.000010
0.000010 0.288126 0.098751 0.000010 0.000010 0.120003 0.000010 0.000010 0.000010 0.000010 0.493040 0.000010
0.000010 0.287565 0.106169 0.000010 0.000010 0.040481 0.030619 0.000010 0.000010 0.000010 0.535095 0.000010
0.000010 0.000010 0.000010 0.000010 0.000010 0.000010 0.000010 0.000010 0.000010 0.000010 0.999890 0.000010
0.000010 0.366757 0.066606 0.000010 0.000010 0.132278 0.006916 0.000010 0.035401 0.000010 0.391982 0.000010
0.000010 0.308998 0.157365 0.000010 0.000010 0.045749 0.000010 0.000010 0.000010 0.000010 0.487809 0.000010
0.006241 0.333028 0.030924 0.000010 0.000010 0.173751 0.000010 0.000010 0.000010 0.000010 0.455986 0.000010
0.000010 0.000010 0.000010 0.000010 0.000010 0.000010 0.000010 0.000010 0.000010 0.000010 0.999890 0.000010
0.186459 0.000010 0.000010 0.000010 0.000010 0.000010 0.000010 0.000010 0.040026 0.000010 0.034744 0.738691
0.191279 0.000010 0.000010 0.000010 0.000010 0.000010 0.000010 0.000010 0.000010 0.000010 0.045384 0.763247
0.000010 0.069110 0.000010 0.000010 0.000010 0.014520 0.000010 0.000010 0.000010 0.000010 0.000010 0.916280
0.000010 0.000010 0.000010 0.000010 0.000010 0.000010 0.027357 0.000010 0.101994 0.000010 0.000010 0.870559
0.000010 0.000010 0.000010 0.037057 0.000010 0.000010 0.027392 0.000010 0.016144 0.000010 0.000010 0.919328
0.117790 0.000010 0.000010 0.053450 0.000010 0.029596 0.000010 0.000010 0.000010 0.000010 0.087428 0.711667
0.139702 0.000010 0.000010 0.004348 0.000010 0.013139 0.002922 0.000010 0.024799 0.000010 0.000010 0.815031
0.146439 0.000010 0.000010 0.037439 0.000010 0.000010 0.024623 0.000010 0.054739 0.000010 0.000010 0.736691
0.175704 0.112861 0.000010 0.062045 0.000010 0.000010 0.000010 0.000010 0.000010 0.000010 0.000010 0.649310
0.000010 0.000010 0.369699 0.000010 0.000010 0.000010 0.000010 0.000010 0.000010 0.000010 0.000010 0.630201
0.280914 0.000010 0.000545 0.028132 0.001566 0.060270 0.000010 0.000010 0.000010 0.000010 0.000010 0.628512
0.154668 0.000010 0.035302 0.034382 0.000010 0.029870 0.039013 0.000010 0.005026 0.000010 0.000010 0.701689
0.190455 0.000010 0.000010 0.179628 0.000010 0.000010 0.011155 0.000010 0.000010 0.000010 0.071746 0.546946
0.089122 0.000010 0.000010 0.000010 0.000010 0.024173 0.000010 0.000010 0.127596 0.000010 0.000010 0.759030
0.297601 0.000010 0.000010 0.000010 0.000010 0.000010 0.000010 0.000010 0.000010 0.000010 0.069881 0.632428
0.178501 0.020863 0.000010 0.029460 0.000010 0.000010 0.000010 0.000010 0.000010 0.000010 0.112470 0.658636
0.206116 0.109160 0.000010 0.001944 0.000010 0.000010 0.000010 0.000010 0.000010 0.000010 0.000010 0.682701
0.106421 0.038455 0.171724 0.064369 0.000010 0.000010 0.000010 0.000010 0.000010 0.000010 0.000010 0.618961
0.000010 0.000010 0.000010 0.000010 0.000010 0.000010 0.000010 0.000010 0.020822 0.000010 0.186522 0.792566
0.000010 0.000010 0.000010 0.000010 0.000010 0.000010 0.000010 0.000010 0.046782 0.000010 0.187192 0.765936
0.000010 0.040467 0.000010 0.000010 0.000010 0.032661 0.000010 0.000010 0.009637 0.000010 0.000010 0.917155
0.000010 0.051931 0.187415 0.081329 0.000010 0.086330 0.000010 0.000010 0.000010 0.000010 0.000395 0.592542
0.197501 0.000010 0.218707 0.000010 0.000010 0.000010 0.000010 0.000010 0.000010 0.000010 0.077572 0.506140
0.109753 0.027489 0.237968 0.041970 0.000010 0.059480 0.000010 0.000010 0.000010 0.000010 0.000010 0.523280
0.000010 0.000010 0.999890 0.000010 0.000010 0.000010 0.000010 0.000010 0.000010 0.000010 0.000010 0.000010
0.501376 0.025587 0.139789 0.000010 0.000010 0.069589 0.000010 0.000010 0.000010 0.000010 0.013450 0.250150
0.551538 0.000010 0.103479 0.061557 0.000010 0.000010 0.000010 0.000010 0.055967 0.000010 0.090021 0.137378
0.372094 0.000010 0.336487 0.031143 0.000010 0.000010 0.009910 0.000010 0.000010 0.000010 0.117327 0.132979
0.732379 0.000010 0.000010 0.000010 0.000010 0.000010 0.000010 0.000010 0.267521 0.000010 0.000010 0.000010
0.443202 0.000010 0.234853 0.000010 0.000012 0.000010 0.000010 0.000010 0.186145 0.000010 0.000010 0.135718
0.000010 0.000010 0.999890 0.000010 0.000010 0.000010 0.000010 0.000010 0.000010 0.000010 0.000010 0.000010
0.548088 0.000010 0.092149 0.000010 0.000010 0.000010 0.000010 0.000010 0.244198 0.000010 0.000010 0.115485
0.388856 0.000010 0.454841 0.000010 0.000010 0.000010 0.000010 0.000010 0.105539 0.000010 0.000010 0.050684
0.000010 0.000010 0.000010 0.000010 0.000010 0.000010 0.000010 0.999890 0.000010 0.000010 0.000010 0.000010
0.000010 0.000010 0.000010 0.000010 0.005200 0.000010 0.000010 0.994700 0.000010 0.000010 0.000010 0.000010
0.000010 0.000010 0.000010 0.000010 0.000010 0.000010 0.000010 0.999890 0.000010 0.000010 0.000010 0.000010
0.000010 0.000010 0.000010 0.000010 0.000010 0.000010 0.000010 0.999890 0.000010 0.000010 0.000010 0.000010
0.000010 0.000010 0.000010 0.000010 0.000010 0.000010 0.000010 0.999890 0.000010 0.000010 0.000010 0.000010
0.000010 0.000010 0.000010 0.000010 0.031928 0.000010 0.000010 0.967972 0.000010 0.000010 0.000010 0.000010
0.000010 0.000010 0.000010 0.000010 0.079218 0.000010 0.000010 0.920682 0.000010 0.000010 0.000010 0.000010
0.000010 0.000010 0.000010 0.000010 0.000010 0.000010 0.000010 0.999890 0.000010 0.000010 0.000010 0.000010
0.000010 0.000010 0.000010 0.000010 0.000010 0.000010 0.000010 0.999890 0.000010 0.000010 0.000010 0.000010
0.000010 0.000010 0.000010 0.000010 0.000010 0.000010 0.000010 0.999890 0.000010 0.000010 0.000010 0.000010
0.000010 0.000010 0.000010 0.000010 0.000010 0.000010 0.000010 0.999890 0.000010 0.000010 0.000010 0.000010
0.000010 0.000010 0.000010 0.000010 0.104766 0.000010 0.000010 0.879286 0.000010 0.015858 0.000010 0.000010
0.000010 0.000010 0.000010 0.000010 0.000010 0.000010 0.000010 0.999890 0.000010 0.000010 0.000010 0.000010
0.000010 0.000010 0.000010 0.000010 0.000010 0.000010 0.000010 0.999890 0.000010 0.000010 0.000010 0.000010
0.000010 0.000010 0.000010 0.000010 0.000010 0.000010 0.000010 0.999890 0.000010 0.000010 0.000010 0.000010
0.000010 0.000010 0.000010 0.000010 0.006573 0.000010 0.000010 0.993327 0.000010 0.000010 0.000010 0.000010
0.000010 0.000010 0.000010 0.000010 0.000010 0.000010 0.000010 0.999890 0.000010 0.000010 0.000010 0.000010
0.000010 0.000010 0.000010 0.000010 0.000010 0.000010 0.000010 0.999890 0.000010 0.000010 0.000010 0.000010
0.000010 0.000010 0.000010 0.000010 0.016946 0.000010 0.000010 0.935632 0.000010 0.047332 0.000010 0.000010
0.000010 0.000010 0.000010 0.000010 0.000010 0.000010 0.000010 0.999890 0.000010 0.000010 0.000010 0.000010
0.000010 0.000010 0.000010 0.000010 0.000010 0.000010 0.000010 0.999890 0.000010 0.000010 0.000010 0.000010
0.000010 0.000010 0.000010 0.000010 0.000010 0.000010 0.000010 0.999890 0.000010 0.000010 0.000010 0.000010
0.000010 0.000010 0.000010 0.000010 0.000010 0.000010 0.000010 0.999890 0.000010 0.000010 0.000010 0.000010
0.000010 0.000010 0.000010 0.000010 0.000010 0.000010 0.000010 0.999890 0.000010 0.000010 0.000010 0.000010
0.000010 0.000010 0.000010 0.000010 0.000010 0.000010 0.000010 0.999890 0.000010 0.000010 0.000010 0.000010
0.000010 0.000010 0.000010 0.000010 0.000010 0.000010 0.000010 0.999890 0.000010 0.000010 0.000010 0.000010
0.000010 0.000010 0.000010 0.000010 0.000010 0.000010 0.000010 0.999890 0.000010 0.000010 0.000010 0.000010
0.000010 0.000010 0.000010 0.000010 0.071699 0.000010 0.000010 0.928201 0.000010 0.000010 0.000010 0.000010
0.000010 0.000010 0.000010 0.000010 0.000010 0.000010 0.000010 0.999890 0.000010 0.000010 0.000010 0.000010
0.000010 0.000010 0.000010 0.000010 0.000010 0.000010 0.000010 0.999890 0.000010 0.000010 0.000010 0.000010
0.000010 0.000010 0.000010 0.000010 0.000010 0.000010 0.000010 0.994353 0.000010 0.000010 0.005547 0.000010
0.000010 0.000010 0.000010 0.000010 0.000010 0.000010 0.000010 0.983230 0.000010 0.016670 0.000010 0.000010
0.000010 0.000010 0.000010 0.000010 0.000010 0.000010 0.000010 0.999890 0.000010 0.000010 0.000010 0.000010
0.000010 0.000010 0.000010 0.000010 0.755370 0.000010 0.000010 0.232075 0.000010 0.000010 0.012465 0.000010
0.000010 0.000010 0.000010 0.000010 0.847285 0.000010 0.000010 0.118220 0.000010 0.034405 0.000010 0.000010
0.000010 0.000010 0.000010 0.000010 0.775658 0.000010 0.000010 0.189311 0.000010 0.034941 0.000010 0.000010
0.000010 0.000010 0.000010 0.000010 0.999890 0.000010 0.000010 0.000010 0.000010 0.000010 0.000010 0.000010
0.000010 0.000010 0.000010 0.000010 0.870789 0.000010 0.000010 0.129111 0.000010 0.000010 0.000010 0.000010
0.000010 0.000010 0.000010 0.000010 0.722633 0.000010 0.000010 0.244680 0.000010 0.032598 0.000010 0.000010
0.000010 0.000010 0.000010 0.000010 0.999890 0.000010 0.000010 0.000010 0.000010 0.000010 0.000010 0.000010
0.000010 0.000010 0.000010 0.000010 0.999890 0.000010 0.000010 0.000010 0.000010 0.000010 0.000010 0.000010
0.000010 0.000010 0.000010 0.000010 0.946883 0.000010 0.000010 0.053017 0.000010 0.000010 0.000010 0.000010
0.000010 0.000010 0.000010 0.000010 0.891121 0.000010 0.000010 0.108779 0.000010 0.000010 0.000010 0.000010
0.000010 0.000010 0.000010 0.000010 0.769314 0.000010 0.000010 0.152729 0.000010 0.077867 0.000010 0.000010
0.000010 0.000010 0.000010 0.000010 0.999890 0.000010 0.000010 0.000010 0.000010 0.000010 0.000010 0.000010
0.000010 0.000010 0.000010 0.000010 0.799529 0.000010 0.000010 0.200371 0.000010 0.000010 0.000010 0.000010
0.000010 0.000010 0.000010 0.000010 0.729620 0.000010 0.000010 0.236653 0.000010 0.033638 0.000010 0.000010
0.000010 0.000010 0.000010 0.000010 0.790543 0.000010 0.000010 0.193678 0.000010 0.015689 0.000010 0.000010
0.000010 0.000010 0.000010 0.000010 0.999890 0.000010 0.000010 0.000010 0.000010 0.000010 0.000010 0.000010
0.000010 0.000010 0.000010 0.000010 0.826115 0.000010 0.000010 0.112115 0.000010 0.061680 0.000010 0.000010
0.000010 0.000010 0.000010 0.000010 0.730793 0.000010 0.000010 0.185435 0.000010 0.083682 0.000010 0.000010
0.000010 0.000010 0.000010 0.000010 0.999890 0.000010 0.000010 0.000010 0.000010 0.000010 0.000010 0.000010
0.000010 0.000010 0.000010 0.000010 0.653213 0.000010 0.000010 0.236728 0.000010 0.109969 0.000010 0.000010
0.000010 0.000010 0.000010 0.000010 0.774728 0.000010 0.000010 0.225172 0.000010 0.000010 0.000010 0.000010
0.000010 0.000010 0.000010 0.000010 0.861758 0.000010 0.000010 0.120150 0.000010 0.018002 0.000010 0.000010
0.000010 0.000010 0.000010 0.000010 0.999890 0.000010 0.000010 0.000010 0.000010 0.000010 0.000010 0.000010
0.000010 0.000010 0.000010 0.000010 0.784497 0.000010 0.000010 0.132189 0.000010 0.083224 0.000010 0.000010
0.000010 0.000010 0.000010 0.000010 0.999890 0.000010 0.000010 0.000010 0.000010 0.000010 0.000010 0.000010
0.000010 0.000010 0.000010 0.000010 0.803201 0.000010 0.000010 0.129581 0.000010 0.067128 0.000010 0.000010
0.000010 0.000010 0.000010 0.000010 0.841525 0.000010 0.000010 0.158375 0.000010 0.000010 0.000010 0.000010
0.000010 0.000010 0.000010 0.000010 0.999890 0.000010 0.000010 0.000010 0.000010 0.000010 0.000010 0.000010
0.000010 0.000010 0.000010 0.000010 0.704397 0.000010 0.000010 0.295503 0.000010 0.000010 0.000010 0.000010
0.000010 0.000010 0.000010 0.000010 0.818852 0.000010 0.000010 0.112149 0.000010 0.068909 0.000010 0.000010
0.000010 0.000010 0.000010 0.000010 0.818381 0.000010 0.000010 0.181519 0.000010 0.000010 0.000010 0.000010
0.000010 0.000010 0.000010 0.000010 0.933813 0.000010 0.000010 0.066087 0.000010 0.000010 0.000010 0.000010
0.000010 0.000010 0.000010 0.000010 0.000010 0.000010 0.000010 0.000010 0.000010 0.999890 0.000010 0.000010
0.000010 0.000010 0.000010 0.000010 0.000010 0.000010 0.000010 0.000010 0.000010 0.999890 0.000010 0.000010
0.000010 0.000010 0.000010 0.000010 0.000010 0.000010 0.000010 0.000010 0.000010 0.999890 0.000010 0.000010
