0.000010 0.000010 0.000010 0.009818 0.109028 0.000010 0.000010 0.000010 0.000010 0.000010 0.000010 0.000010 0.065203 0.000010 0.000010 0.106529 0.709292 0.000010
0.000010 0.000010 0.000010 0.000010 0.006739 0.000010 0.035902 0.132287 0.000010 0.000010 0.000010 0.000010 0.000010 0.000010 0.000010 0.133091 0.633007 0.058854
0.006895 0.000010 0.000010 0.015415 0.000010 0.000010 0.100296 0.099720 0.000010 0.000010 0.000010 0.020512 0.195567 0.000010 0.000010 0.000010 0.561486 0.000010
0.035666 0.000010 0.000010 0.000010 0.000010 0.023831 0.061106 0.000010 0.000010 0.000010 0.055610 0.000010 0.133304 0.000010 0.000010 0.000010 0.690364 0.000010
0.000010 0.000010 0.000010 0.000010 0.037174 0.000010 0.048001 0.103386 0.000010 0.000010 0.000010 0.000010 0.182915 0.000010 0.000010 0.000010 0.519133 0.109271
0.000010 0.000010 0.000010 0.186514 0.045767 0.000010 0.000010 0.000010 0.000010 0.000010 0.000010 0.000010 0.096850 0.000010 0.000010 0.097136 0.540314 0.033300
0.000010 0.000010 0.000010 0.000010 0.000010 0.056667 0.014922 0.000010 0.000010 0.000010 0.000010 0.000010 0.266874 0.102944 0.000010 0.000010 0.558463 0.000010
0.001977 0.000010 0.010381 0.000010 0.000010 0.000010 0.125832 0.000010 0.000010 0.000010 0.117275 0.029311 0.117869 0.000010 0.000010 0.000010 0.597245 0.000010
0.000010 0.000010 0.000010 0.000010 0.069732 0.000010 0.037056 0.000010 0.000010 0.000010 0.005233 0.000010 0.190399 0.000010 0.000010 0.000010 0.638375 0.059085
0.000010 0.003096 0.000010 0.141885 0.000010 0.000010 0.000010 0.093240 0.000010 0.000010 0.000010 0.000010 0.000010 0.164774 0.000010 0.000010 0.596876 0.000010
0.000010 0.000010 0.000010 0.000010 0.000010 0.000010 0.021669 0.165431 0.000010 0.000010 0.146764 0.042414 0.000012 0.000010 0.000010 0.000010 0.610505 0.013095
0.000010 0.000010 0.000010 0.086482 0.000010 0.006125 0.000010 0.223419 0.000010 0.000010 0.000010 0.041120 0.000010 0.000010 0.000010 0.090013 0.552721 0.000010
0.000010 0.000010 0.000010 0.000010 0.000010 0.000010 0.072327 0.069554 0.000010 0.000010 0.000010 0.000010 0.000010 0.000010 0.000010 0.161960 0.696019 0.000010
0.000010 0.000010 0.007110 0.071786 0.000010 0.000010 0.000010 0.000010 0.000010 0.000010 0.000010 0.000010 0.000010 0.000010 0.000010 0.133780 0.774473 0.012720
0.000010 0.000010 0.000010 0.000010 0.000010 0.000010 0.000010 0.000010 0.000010 0.000010 0.000010 0.000010 0.000010 0.000010 0.000010 0.262291 0.737549 0.000010
0.000010 0.000010 0.000010 0.000010 0.062501 0.000010 0.000010 0.108964 0.000010 0.000010 0.000010 0.063080 0.000010 0.000010 0.000010 0.000010 0.765316 0.000010
0.021782 0.000010 0.037856 0.000010 0.082447 0.000010 0.071977 0.129792 0.000010 0.000010 0.007444 0.026689 0.000010 0.000010 0.000010 0.000010 0.621912 0.000010
0.000010 0.000010 0.000010 0.000010 0.000010 0.000010 0.021209 0.000010 0.000010 0.000010 0.000010 0.000010 0.079653 0.000010 0.000010 0.164507 0.734491 0.000010
0.000010 0.000010 0.037059 0.186910 0.000010 0.000010 0.000010 0.010916 0.000010 0.000010 0.000010 0.000010 0.000010 0.128026 0.000010 0.000010 0.623750 0.013220
0.000010 0.000010 0.045823 0.019156 0.058162 0.009932 0.000010 0.025191 0.000010 0.000010 0.000010 0.000010 0.144301 0.000010 0.000010 0.000010 0.668199 0.029134
0.000010 0.000010 0.000010 0.033624 0.000010 0.000010 0.000010 0.000010 0.000010 0.000010 0.000012 0.000010 0.258390 0.000010 0.000010 0.057669 0.650175 0.000010
0.000010 0.000010 0.000010 0.173131 0.000010 0.008790 0.047215 0.000010 0.005091 0.000010 0.089330 0.000010 0.000010 0.000010 0.000010 0.106089 0.570244 0.000010
0.000010 0.000010 0.000010 0.000010 0.000010 0.000010 0.000010 0.000010 0.000010 0.000010 0.000010 0.000010 0.000010 0.000010 0.000010 0.194208 0.805632 0.000010
0.000010 0.000010 0.000010 0.003360 0.000010 0.000010 0.034647 0.063588 0.000010 0.000010 0.000010 0.000010 0.091347 0.199891 0.000010 0.000010 0.607048 0.000010
0.000010 0.000010 0.000010 0.075644 0.000010 0.000010 0.000010 0.000010 0.006678 0.000010 0.000010 0.015792 0.151425 0.000010 0.000010 0.069247 0.681093 0.000010
0.000010 0.000010 0.000010 0.048480 0.000010 0.053236 0.000010 0.000010 0.000010 0.000010 0.000010 0.052556 0.090093 0.000010 0.000010 0.000010 0.695788 0.059728
0.000010 0.000010 0.000010 0.000010 0.000010 0.000010 0.000010 0.000010 0.000010 0.000010 0.000010 0.025257 0.117729 0.203334 0.000010 0.000010 0.653539 0.000010
0.045953 0.000010 0.000010 0.000010 0.000010 0.011512 0.000010 0.064015 0.000010 0.000010 0.000010 0.000010 0.000010 0.086911 0.000010 0.030754 0.760735 0.000010
0.007500 0.000010 0.000010 0.000010 0.068111 0.000010 0.055409 0.039506 0.000010 0.000010 0.069133 0.028876 0.038037 0.000010 0.000010 0.000010 0.693328 0.000010
0.014272 0.000010 0.000010 0.000010 0.000010 0.000010 0.033895 0.202593 0.000010 0.000010 0.009985 0.000010 0.000010 0.057953 0.000010 0.045634 0.635558 0.000010
0.072094 0.000010 0.063239 0.000010 0.000010 0.000010 0.000010 0.000010 0.000010 0.000010 0.000010 0.000010 0.000010 0.000010 0.000010 0.044084 0.820442 0.000010
0.000010 0.000010 0.000010 0.000010 0.000010 0.000010 0.047828 0.149521 0.000010 0.000010 0.073340 0.000010 0.075915 0.000010 0.000010 0.070091 0.571187 0.012008
0.000010 0.000010 0.000010 0.000010 0.000010 0.048861 0.031092 0.000010 0.000010 0.000010 0.000010 0.000010 0.019280 0.000010 0.000010 0.154141 0.746496 0.000010
0.000010 0.000010 0.043042 0.000010 0.031976 0.015967 0.101631 0.000010 0.000010 0.000010 0.000010 0.000010 0.000010 0.000010 0.000010 0.000010 0.759785 0.047479
0.023227 0.000010 0.000010 0.000010 0.000010 0.150304 0.068055 0.019200 0.000010 0.000010 0.059109 0.000010 0.000010 0.000010 0.000010 0.000010 0.679985 0.000010
0.000010 0.000010 0.000010 0.142076 0.000010 0.000010 0.675572 0.070311 0.000010 0.000010 0.067668 0.000010 0.005940 0.000010 0.000010 0.000010 0.020910 0.017413
0.016867 0.000010 0.000010 0.095831 0.000010 0.000010 0.638733 0.091492 0.000010 0.000010 0.103423 0.000010 0.000010 0.000010 0.000010 0.000010 0.053535 0.000010
0.033172 0.000010 0.000010 0.178349 0.000010 0.023466 0.654793 0.000010 0.000010 0.000010 0.070879 0.000010 0.000010 0.000010 0.000010 0.000010 0.039221 0.000010
0.000010 0.000010 0.018757 0.309689 0.000010 0.000010 0.581975 0.000010 0.000010 0.000010 0.000010 0.000010 0.089438 0.000010 0.000010 0.000010 0.000010 0.000010
0.000010 0.000010 0.000010 0.174189 0.000010 0.000010 0.539173 0.000010 0.000010 0.000010 0.000010 0.000010 0.000010 0.129211 0.000010 0.000010 0.157287 0.000010
0.000010 0.000010 0.000010 0.260715 0.091280 0.000010 0.458300 0.000010 0.000010 0.000010 0.000010 0.000010 0.041644 0.000010 0.000010 0.011506 0.136436 0.000010
0.000010 0.000010 0.003875 0.333428 0.048017 0.000010 0.524818 0.000010 0.000010 0.000010 0.000010 0.000010 0.082653 0.000010 0.000010 0.000010 0.007089 0.000010
0.015969 0.000010 0.000010 0.399992 0.063276 0.000010 0.365676 0.000010 0.000010 0.000010 0.000010 0.000010 0.000010 0.000010 0.000010 0.000010 0.154958 0.000010
0.000010 0.000010 0.000010 0.000010 0.000010 0.025411 0.708018 0.000010 0.000010 0.000010 0.000010 0.052136 0.000010 0.044338 0.000010 0.000010 0.169967 0.000010
0.000010 0.000010 0.000010 0.401248 0.000010 0.000010 0.517167 0.081436 0.000010 0.000010 0.000010 0.000010 0.000010 0.000010 0.000010 0.000010 0.000010 0.000010
0.000010 0.000010 0.000010 0.170840 0.000010 0.000010 0.532915 0.000010 0.000010 0.000010 0.036676 0.000010 0.000010 0.000010 0.000010 0.116259 0.143180 0.000010
0.000010 0.000010 0.000010 0.380560 0.000010 0.000010 0.471869 0.000010 0.000010 0.000010 0.139194 0.000010 0.000010 0.000010 0.000010 0.000010 0.008236 0.000010
0.000010 0.000010 0.000010 0.258480 0.000010 0.058375 0.546091 0.000010 0.000010 0.000010 0.000010 0.000010 0.122670 0.000010 0.000010 0.014254 0.000010 0.000010
0.000010 0.000010 0.000010 0.000010 0.060505 0.000010 0.749448 0.118113 0.000010 0.000010 0.000010 0.000010 0.000010 0.000010 0.000010 0.071794 0.000010 0.000010
0.000010 0.000010 0.000010 0.366863 0.000010 0.000010 0.507230 0.000010 0.000010 0.000010 0.000010 0.000010 0.000010 0.000010 0.000010 0.125757 0.000010 0.000010
0.000010 0.000010 0.000010 0.232846 0.000010 0.000010 0.579397 0.018050 0.000010 0.000010 0.000010 0.000010 0.000010 0.157863 0.000010 0.000010 0.000010 0.011715
0.000010 0.000010 0.000010 0.167401 0.000010 0.000010 0.674020 0.000010 0.000010 0.000010 0.000010 0.000010 0.158430 0.000010 0.000010 0.000010 0.000010 0.000010
0.000010 0.000010 0.000010 0.282565 0.041267 0.000010 0.512628 0.092313 0.000010 0.000010 0.000012 0.063161 0.000010 0.000010 0.000010 0.000010 0.000010 0.007944
0.000010 0.000010 0.000010 0.322932 0.000010 0.023911 0.419232 0.000010 0.000010 0.000010 0.000010 0.017066 0.069764 0.000010 0.000010 0.035967 0.066378 0.044650
0.000010 0.000010 0.038515 0.303474 0.000010 0.010083 0.633988 0.000010 0.000010 0.000010 0.000010 0.000010 0.000010 0.000010 0.000010 0.000010 0.000010 0.013809
0.000010 0.000010 0.000010 0.284809 0.059199 0.000010 0.562661 0.000010 0.000010 0.000010 0.000010 0.035002 0.048508 0.000010 0.000010 0.000010 0.000010 0.009701
0.000010 0.000010 0.000010 0.280190 0.000010 0.000010 0.506421 0.057492 0.000010 0.000010 0.000010 0.000010 0.000010 0.000010 0.000010 0.155757 0.000010 0.000010
0.032888 0.000010 0.000010 0.000010 0.000010 0.004138 0.700786 0.034765 0.000010 0.000010 0.000010 0.000010 0.000010 0.227292 0.000010 0.000010 0.000010 0.000010
0.000010 0.000010 0.000010 0.000010 0.000010 0.000010 0.720713 0.069789 0.000010 0.000010 0.000010 0.000010 0.000010 0.000010 0.000010 0.209348 0.000010 0.000010
0.000010 0.000010 0.000010 0.000010 0.159701 0.000010 0.781573 0.000010 0.000010 0.000010 0.000010 0.000010 0.000010 0.000010 0.000010 0.058577 0.000010 0.000010
0.098165 0.000010 0.000010 0.070173 0.000010 0.019296 0.670177 0.009289 0.000010 0.000010 0.093575 0.000010 0.039173 0.000010 0.000010 0.000052 0.000010 0.000010
0.000010 0.000010 0.031906 0.000010 0.037791 0.000010 0.930153 0.000010 0.000010 0.000010 0.000010 0.000010 0.000010 0.000010 0.000010 0.000010 0.000010 0.000010
0.000010 0.000010 0.000010 0.000010 0.000010 0.081407 0.782679 0.000010 0.000010 0.000010 0.000010 0.000010 0.000010 0.000010 0.000010 0.000010 0.000010 0.135764
0.031937 0.000010 0.000010 0.000010 0.000010 0.000010 0.767958 0.000010 0.000010 0.000010 0.162673 0.037292 0.000010 0.000010 0.000010 0.000010 0.000010 0.000010
0.000010 0.000010 0.000010 0.000010 0.000010 0.100874 0.730808 0.000010 0.000010 0.000010 0.000010 0.000010 0.000010 0.000010 0.000010 0.000010 0.121242 0.046936
0.015120 0.000010 0.000010 0.000010 0.000010 0.075251 0.826249 0.000010 0.000010 0.000010 0.000010 0.000010 0.000010 0.083240 0.000010 0.000010 0.000010 0.000010
0.000010 0.000010 0.005024 0.000010 0.149746 0.000010 0.805139 0.000010 0.000010 0.000010 0.000010 0.000010 0.000010 0.000010 0.000010 0.000010 0.000010 0.039950
0.000010 0.000010 0.000010 0.000010 0.000010 0.082448 0.858395 0.000010 0.000010 0.000010 0.000010 0.053607 0.000010 0.000010 0.000010 0.000010 0.000010 0.005410
0.000010 0.000010 0.000010 0.000010 0.000010 0.000010 0.690891 0.000010 0.000010 0.000010 0.000010 0.000010 0.000010 0.000010 0.000010 0.308949 0.000010 0.000010
0.000010 0.000010 0.000010 0.000010 0.000010 0.000010 0.809224 0.000010 0.000010 0.000010 0.000010 0.000010 0.000010 0.000010 0.000010 0.190616 0.000010 0.000010
0.000010 0.000010 0.000010 0.000010 0.105597 0.000010 0.798946 0.049263 0.000010 0.000010 0.046054 0.000010 0.000010 0.000010 0.000010 0.000010 0.000010 0.000010
0.000010 0.000010 0.000010 0.000010 0.000010 0.000010 0.766852 0.000010 0.000010 0.000010 0.137658 0.000010 0.000010 0.000010 0.000010 0.000010 0.095340 0.000010
0.000010 0.000010 0.000010 0.000010 0.000010 0.000010 0.743711 0.000010 0.000010 0.000010 0.000010 0.000010 0.000010 0.256129 0.000010 0.000010 0.000010 0.000010
0.000010 0.000010 0.000010 0.000010 0.000010 0.000010 0.687973 0.000010 0.000010 0.000010 0.206296 0.000010 0.000010 0.000010 0.000010 0.000010 0.105581 0.000010
0.036526 0.000010 0.000010 0.000010 0.000010 0.000010 0.747320 0.000010 0.000010 0.000010 0.091413 0.039697 0.000010 0.000010 0.000010 0.000010 0.084914 0.000010
0.037167 0.000010 0.000010 0.121148 0.082634 0.053271 0.619416 0.000010 0.009968 0.000010 0.000010 0.000010 0.043700 0.000010 0.000010 0.032595 0.000010 0.000010
0.000010 0.000010 0.000010 0.000010 0.000010 0.000010 0.811841 0.000010 0.000010 0.000010 0.187999 0.000010 0.000010 0.000010 0.000010 0.000010 0.000010 0.000010
0.000010 0.000010 0.000010 0.000010 0.000010 0.000010 0.816962 0.000010 0.000010 0.000010 0.000010 0.000010 0.000010 0.000010 0.000010 0.182878 0.000010 0.000010
0.000010 0.000010 0.000010 0.000010 0.071767 0.000010 0.800281 0.000010 0.000010 0.000010 0.000010 0.000010 0.127802 0.000010 0.000010 0.000010 0.000010 0.000010
0.000010 0.000010 0.000010 0.000010 0.000010 0.000010 0.703546 0.000010 0.000010 0.000010 0.000010 0.000010 0.000010 0.213594 0.000010 0.000010 0.000010 0.082710
0.000010 0.000010 0.000010 0.000010 0.000010 0.046399 0.734943 0.000010 0.000010 0.000010 0.099444 0.013619 0.020514 0.084960 0.000010 0.000010 0.000010 0.000010
0.783014 0.000010 0.000010 0.000010 0.097111 0.000010 0.057058 0.000010 0.000010 0.000010 0.000010 0.035603 0.027084 0.000010 0.000010 0.000010 0.000010 0.000010
0.793925 0.000010 0.000010 0.000010 0.000010 0.000010 0.027521 0.000010 0.000010 0.000010 0.178405 0.000010 0.000010 0.000010 0.000010 0.000010 0.000010 0.000010
0.761719 0.000010 0.000010 0.000010 0.000010 0.014657 0.000010 0.000010 0.000010 0.000010 0.000010 0.000010 0.223474 0.000010 0.000010 0.000010 0.000010 0.000010
0.811281 0.000010 0.000010 0.097456 0.084040 0.000010 0.000010 0.000010 0.000010 0.000010 0.000010 0.007083 0.000010 0.000010 0.000010 0.000010 0.000010 0.000010
0.742012 0.000010 0.000010 0.000010 0.000010 0.000010 0.000010 0.000010 0.000010 0.000010 0.000010 0.000010 0.000010 0.000010 0.000010 0.257828 0.000010 0.000010
0.711176 0.000010 0.013011 0.000010 0.231028 0.000010 0.000010 0.000010 0.000010 0.000010 0.000010 0.044645 0.000010 0.000010 0.000010 0.000010 0.000010 0.000010
0.736571 0.000010 0.000010 0.000010 0.000010 0.000010 0.000010 0.000010 0.000010 0.000010 0.263269 0.000010 0.000010 0.000010 0.000010 0.000010 0.000010 0.000010
0.631815 0.000010 0.000010 0.050903 0.000010 0.000010 0.000010 0.000010 0.000010 0.000010 0.000010 0.000010 0.000010 0.317133 0.000010 0.000010 0.000010 0.000010
0.666172 0.000010 0.035118 0.000010 0.086457 0.023720 0.023663 0.000010 0.000010 0.000010 0.000010 0.000010 0.082692 0.000010 0.000010 0.000010 0.000010 0.082069
0.610350 0.000010 0.000010 0.013903 0.000010 0.000099 0.000010 0.000010 0.000010 0.000010 0.067312 0.000010 0.078163 0.052813 0.000010 0.000010 0.000010 0.177251
0.000010 0.000010 0.000010 0.000010 0.000010 0.000010 0.000010 0.000010 0.000010 0.000010 0.000010 0.000010 0.000010 0.000010 0.000010 0.000010 0.000010 0.999830
0.667163 0.000010 0.000010 0.000010 0.000010 0.000010 0.000010 0.000010 0.000010 0.000010 0.000010 0.000010 0.063654 0.000010 0.000010 0.175474 0.000010 0.093569
0.626101 0.000010 0.000010 0.000010 0.000010 0.098756 0.066220 0.000010 0.000010 0.000010 0.000010 0.023199 0.000010 0.000010 0.000010 0.000010 0.000010 0.185595
0.765429 0.000010 0.000010 0.000010 0.000010 0.000010 0.000010 0.000010 0.000010 0.000010 0.000010 0.000010 0.000010 0.234411 0.000010 0.000010 0.000010 0.000010
0.639811 0.000010 0.000010 0.000010 0.063977 0.000010 0.010588 0.000010 0.000010 0.000010 0.000010 0.042125 0.035084 0.045432 0.000010 0.097790 0.000010 0.065092
0.518826 0.000010 0.000010 0.000010 0.000010 0.021280 0.000010 0.000010 0.000010 0.000010 0.000010 0.000010 0.000010 0.167205 0.000010 0.000010 0.000010 0.292548
0.000010 0.000010 0.000010 0.000010 0.000010 0.000010 0.000010 0.000010 0.000010 0.000010 0.000010 0.000010 0.000010 0.000010 0.000010 0.000010 0.000010 0.999830
0.000010 0.000010 0.000010 0.000010 0.000010 0.000010 0.000010 0.000010 0.000010 0.000010 0.000010 0.000010 0.000010 0.000010 0.000010 0.000010 0.000010 0.999830
0.717826 0.000010 0.047378 0.000010 0.000010 0.000010 0.000010 0.000010 0.000010 0.000010 0.000010 0.000010 0.000010 0.073280 0.000010 0.000010 0.023307 0.138079
0.824004 0.000010 0.000010 0.000010 0.000010 0.000010 0.000010 0.000010 0.000010 0.000010 0.020619 0.000010 0.155227 0.000010 0.000010 0.000010 0.000010 0.000010
0.705221 0.000010 0.000010 0.000010 0.045551 0.024375 0.000010 0.009953 0.000010 0.000010 0.000010 0.080741 0.000010 0.000010 0.000010 0.000010 0.000010 0.134039
0.000010 0.000010 0.000010 0.000010 0.000010 0.000010 0.000010 0.000010 0.000010 0.000010 0.000010 0.000010 0.000010 0.000010 0.000010 0.000010 0.000010 0.999830
0.653418 0.000010 0.000010 0.000010 0.000010 0.000010 0.000010 0.000010 0.000010 0.000010 0.124493 0.011948 0.000010 0.000010 0.000010 0.000010 0.000010 0.210002
0.565293 0.000010 0.000010 0.000010 0.000010 0.071298 0.018010 0.000010 0.000010 0.000010 0.000010 0.000024 0.000010 0.000010 0.000010 0.123694 0.029139 0.192432
0.623802 0.000010 0.000010 0.000010 0.000010 0.000010 0.000010 0.000010 0.000010 0.000010 0.021039 0.000010 0.000010 0.000010 0.000010 0.112074 0.000010 0.242945
0.000010 0.000010 0.000010 0.000010 0.000010 0.000010 0.000010 0.000010 0.000010 0.000010 0.000010 0.000010 0.000010 0.000010 0.000010 0.000010 0.000010 0.999830
0.597358 0.000010 0.000010 0.000010 0.100978 0.000010 0.000010 0.000010 0.000010 0.000010 0.000010 0.000010 0.000010 0.000010 0.000010 0.000010 0.000010 0.301514
0.819868 0.000010 0.000010 0.000010 0.000010 0.000010 0.000010 0.000010 0.000010 0.000010 0.162142 0.000010 0.000010 0.000010 0.000010 0.000010 0.017841 0.000010
0.739349 0.000010 0.000010 0.000010 0.000010 0.000010 0.000010 0.000010 0.000010 0.000010 0.000010 0.000010 0.000010 0.260491 0.000010 0.000010 0.000010 0.000010
0.715990 0.000010 0.030121 0.000010 0.174085 0.000010 0.000010 0.000010 0.000010 0.000648 0.000010 0.000010 0.000010 0.000010 0.000010 0.000010 0.000010 0.079026
0.773287 0.000010 0.000010 0.000010 0.000010 0.000010 0.000010 0.000010 0.000010 0.000010 0.000010 0.000010 0.000010 0.000010 0.000010 0.226553 0.000010 0.000010
0.740581 0.000010 0.000010 0.000010 0.074275 0.035128 0.054117 0.000010 0.000010 0.000010 0.000010 0.095769 0.000010 0.000010 0.000010 0.000010 0.000010 0.000010
0.663566 0.000010 0.000010 0.000010 0.000010 0.018097 0.003592 0.000010 0.000010 0.000010 0.000010 0.000010 0.000010 0.000010 0.000010 0.223055 0.000010 0.091561
0.599700 0.000010 0.000010 0.000010 0.102249 0.000010 0.000010 0.000010 0.000010 0.000010 0.000010 0.000010 0.042619 0.000010 0.000010 0.085569 0.000010 0.169733
0.600765 0.000010 0.000010 0.000010 0.000010 0.000010 0.000010 0.000010 0.000010 0.000010 0.000010 0.000010 0.000010 0.268467 0.000010 0.000010 0.000010 0.130618
0.655727 0.000010 0.018523 0.000010 0.000010 0.000010 0.000010 0.000010 0.000010 0.000010 0.000010 0.000010 0.000010 0.000010 0.000010 0.115794 0.000010 0.209816
0.672759 0.000010 0.000010 0.000010 0.000010 0.000010 0.000010 0.000010 0.000010 0.001085 0.063117 0.000010 0.000010 0.000010 0.000010 0.106404 0.043555 0.112960
0.593132 0.000010 0.004212 0.000010 0.167884 0.000010 0.013797 0.000010 0.000010 0.000010 0.000010 0.007786 0.000010 0.000010 0.000010 0.000010 0.000010 0.213070
0.823588 0.000010 0.000010 0.000010 0.000010 0.000010 0.009127 0.000010 0.000010 0.000010 0.000010 0.000010 0.000010 0.000010 0.000010 0.167135 0.000010 0.000010
0.728164 0.000010 0.000010 0.000010 0.000010 0.000010 0.000010 0.000010 0.000010 0.000010 0.000010 0.000010 0.000010 0.000010 0.000010 0.271676 0.000010 0.000010
0.595180 0.000010 0.000010 0.000010 0.057690 0.000010 0.032068 0.000010 0.000010 0.000010 0.114024 0.000010 0.000010 0.000010 0.000010 0.000010 0.000010 0.200908
0.724976 0.000010 0.000010 0.000010 0.000010 0.000010 0.000010 0.000010 0.000010 0.000010 0.000010 0.000010 0.000010 0.000010 0.000010 0.274864 0.000010 0.000010
0.682430 0.000010 0.000010 0.031465 0.155751 0.000579 0.000010 0.000010 0.000010 0.000010 0.000010 0.000010 0.000010 0.000010 0.000010 0.000010 0.000010 0.129645
0.679836 0.000010 0.040544 0.000010 0.035131 0.000010 0.047255 0.000010 0.000010 0.000010 0.104051 0.000010 0.000010 0.000010 0.000010 0.000010 0.000010 0.093063
0.605282 0.000010 0.052477 0.000010 0.000010 0.000010 0.000010 0.000010 0.000010 0.000010 0.000010 0.000010 0.000010 0.235518 0.000010 0.000010 0.000010 0.106582
0.728000 0.000010 0.000010 0.000010 0.000010 0.000010 0.000010 0.000010 0.000010 0.000010 0.000010 0.000010 0.023918 0.247933 0.000010 0.000010 0.000010 0.000010
0.705940 0.000010 0.000010 0.000010 0.000010 0.000010 0.000010 0.000010 0.000010 0.000010 0.000010 0.000010 0.000010 0.021210 0.000010 0.095662 0.000010 0.177047
0.688324 0.000010 0.019407 0.000010 0.000010 0.000010 0.000010 0.000010 0.000010 0.000010 0.087316 0.000010 0.000010 0.000010 0.000010 0.085075 0.016149 0.103608
0.740298 0.000010 0.000010 0.000010 0.000010 0.000010 0.000010 0.000010 0.000010 0.000010 0.000010 0.000010 0.000010 0.259542 0.000010 0.000010 0.000010 0.000010
0.850953 0.000010 0.000010 0.000010 0.000010 0.000010 0.000010 0.000010 0.000010 0.000010 0.147579 0.000010 0.000010 0.000010 0.000010 0.000010 0.001318 0.000010
0.713020 0.000010 0.000010 0.000010 0.000010 0.000010 0.000010 0.000010 0.000010 0.000010 0.000010 0.045028 0.000010 0.241802 0.000010 0.000010 0.000010 0.000010
0.699379 0.003806 0.000010 0.000010 0.000010 0.048335 0.000010 0.000010 0.000010 0.000010 0.086420 0.000010 0.022612 0.000010 0.000010 0.000010 0.046380 0.092958
0.800303 0.000010 0.000010 0.000010 0.000010 0.000010 0.000010 0.000010 0.000010 0.000010 0.000010 0.000010 0.000010 0.000010 0.000010 0.199537 0.000010 0.000010
0.762064 0.000010 0.045819 0.000010 0.000010 0.044111 0.000010 0.000010 0.000010 0.000010 0.147866 0.000010 0.000010 0.000010 0.000010 0.000010 0.000010 0.000010
0.762268 0.000010 0.000010 0.005675 0.000010 0.000010 0.000010 0.000010 0.000010 0.000010 0.000010 0.000010 0.000010 0.000010 0.000010 0.231907 0.000010 0.000010
0.554617 0.000010 0.000010 0.000010 0.000010 0.000010 0.000010 0.000010 0.000010 0.000010 0.000010 0.000641 0.000010 0.251215 0.000010 0.000010 0.000010 0.193388
0.848905 0.000010 0.000010 0.026582 0.124363 0.000010 0.000010 0.000010 0.000010 0.000010 0.000010 0.000010 0.000010 0.000010 0.000010 0.000010 0.000010 0.000010
0.661009 0.000010 0.000010 0.000010 0.000010 0.000010 0.000010 0.000010 0.000010 0.000010 0.068021 0.023930 0.000010 0.000010 0.000010 0.110339 0.000010 0.136571
0.750064 0.000010 0.000010 0.000010 0.000010 0.000010 0.000010 0.000010 0.000010 0.000010 0.051746 0.053584 0.043537 0.000010 0.000010 0.100940 0.000010 0.000010
0.769550 0.000010 0.031486 0.000010 0.000010 0.000010 0.000010 0.000010 0.000010 0.000010 0.040628 0.000010 0.066911 0.091295 0.000010 0.000010 0.000010 0.000010
0.738403 0.000010 0.000010 0.071056 0.000010 0.000010 0.000010 0.000010 0.000010 0.000010 0.000010 0.000010 0.000010 0.000010 0.000010 0.190390 0.000010 0.000010
0.652325 0.000010 0.010288 0.000010 0.000010 0.000010 0.000010 0.000010 0.000010 0.000010 0.000010 0.000010 0.000010 0.200737 0.000010 0.000010 0.000010 0.136511
0.706651 0.000010 0.000010 0.000010 0.000010 0.000010 0.036053 0.000010 0.000010 0.000010 0.000010 0.000010 0.000010 0.257145 0.000010 0.000010 0.000010 0.000010
0.560364 0.000010 0.000010 0.049681 0.000010 0.000010 0.000010 0.033217 0.000010 0.000010 0.000010 0.000010 0.000010 0.000010 0.000010 0.117830 0.000010 0.238778
0.565441 0.000010 0.000010 0.000010 0.000010 0.000010 0.005388 0.000010 0.000010 0.000010 0.000010 0.000010 0.000010 0.000010 0.000010 0.217899 0.000010 0.211132
0.580127 0.000010 0.000010 0.036142 0.000010 0.000695 0.000010 0.000010 0.000010 0.000010 0.000010 0.000010 0.000010 0.177587 0.000010 0.000010 0.000010 0.205319
0.707994 0.000010 0.000010 0.000010 0.000010 0.000010 0.000010 0.000010 0.000010 0.000010 0.000010 0.000010 0.000010 0.291846 0.000010 0.000010 0.000010 0.000010
0.719815 0.000010 0.000010 0.000010 0.000010 0.000010 0.000010 0.002543 0.000010 0.000010 0.000010 0.000010 0.079127 0.000934 0.000010 0.197450 0.000010 0.000010
0.554467 0.000010 0.000010 0.000010 0.000010 0.000010 0.000010 0.000010 0.000010 0.000010 0.133967 0.000010 0.044349 0.000010 0.000010 0.067758 0.000010 0.199328
0.000010 0.000010 0.104141 0.000010 0.000010 0.000010 0.000010 0.701634 0.000010 0.000010 0.000010 0.000010 0.000010 0.194075 0.000010 0.000010 0.000010 0.000010
0.000010 0.000010 0.000010 0.000010 0.000010 0.000010 0.000010 0.447614 0.000010 0.000010 0.000010 0.000010 0.410298 0.000010 0.000010 0.141938 0.000010 0.000010
0.000010 0.000010 0.099091 0.000010 0.000010 0.000010 0.000010 0.900749 0.000010 0.000010 0.000010 0.000010 0.000010 0.000010 0.000010 0.000010 0.000010 0.000010
0.000010 0.000010 0.071324 0.000010 0.000010 0.121656 0.000010 0.619458 0.000010 0.000010 0.000010 0.000010 0.109941 0.077490 0.000010 0.000010 0.000010 0.000010
0.024880 0.000010 0.000010 0.083410 0.058712 0.000010 0.000010 0.524733 0.000010 0.000010 0.054238 0.000010 0.253906 0.000010 0.000010 0.000010 0.000010 0.000010
0.000010 0.000010 0.000010 0.084939 0.000010 0.047409 0.035703 0.558492 0.000010 0.000010 0.000010 0.035843 0.000010 0.202788 0.000010 0.000010 0.000010 0.034715
0.000010 0.000010 0.000010 0.000010 0.156407 0.000010 0.000010 0.766403 0.000010 0.000010 0.077040 0.000010 0.000010 0.000010 0.000010 0.000010 0.000010 0.000010
0.000010 0.000010 0.000010 0.000010 0.000010 0.000010 0.000010 0.869552 0.000010 0.000010 0.000010 0.000010 0.000010 0.000010 0.000010 0.130288 0.000010 0.000010
0.000010 0.000010 0.000010 0.000010 0.000010 0.000010 0.000010 0.762240 0.000010 0.000010 0.000010 0.000010 0.000010 0.237600 0.000010 0.000010 0.000010 0.000010
0.047591 0.000010 0.109664 0.000010 0.000010 0.054396 0.017415 0.513303 0.000010 0.000010 0.000010 0.000010 0.093712 0.000010 0.000010 0.000010 0.163809 0.000010
0.000010 0.000010 0.000010 0.000010 0.000010 0.000010 0.000010 0.753827 0.000010 0.000010 0.000010 0.000010 0.000010 0.246013 0.000010 0.000010 0.000010 0.000010
0.000010 0.000010 0.095139 0.044737 0.000798 0.000010 0.000010 0.597931 0.000010 0.000010 0.000010 0.000010 0.227653 0.000010 0.000010 0.033622 0.000010 0.000010
0.000010 0.000010 0.000010 0.033874 0.000010 0.000010 0.000010 0.667373 0.000010 0.000010 0.000010 0.000010 0.000010 0.298603 0.000010 0.000010 0.000010 0.000010
0.000010 0.000010 0.000010 0.000010 0.000010 0.135593 0.000010 0.765078 0.000010 0.000010 0.000010 0.000010 0.000010 0.099179 0.000010 0.000010 0.000010 0.000010
0.000010 0.000010 0.000010 0.000010 0.000010 0.000010 0.000010 0.507210 0.000010 0.000010 0.000010 0.000010 0.000010 0.312420 0.000010 0.000010 0.180221 0.000010
0.000010 0.000010 0.000010 0.000010 0.000010 0.000010 0.000010 0.857963 0.000010 0.000010 0.000010 0.000010 0.000010 0.141877 0.000010 0.000010 0.000010 0.000010
0.000010 0.000010 0.000010 0.000010 0.000010 0.161445 0.000010 0.838395 0.000010 0.000010 0.000010 0.000010 0.000010 0.000010 0.000010 0.000010 0.000010 0.000010
0.000010 0.000010 0.000010 0.000010 0.000010 0.000010 0.000010 0.704539 0.000010 0.000010 0.000010 0.000010 0.000010 0.295301 0.000010 0.000010 0.000010 0.000010
0.000010 0.000010 0.000010 0.000010 0.000010 0.000010 0.000010 0.999830 0.000010 0.000010 0.000010 0.000010 0.000010 0.000010 0.000010 0.000010 0.000010 0.000010
0.000010 0.000010 0.000010 0.000010 0.000010 0.181730 0.000010 0.818110 0.000010 0.000010 0.000010 0.000010 0.000010 0.000010 0.000010 0.000010 0.000010 0.000010
0.000010 0.000010 0.139363 0.000010 0.000010 0.119579 0.000010 0.740909 0.000010 0.000010 0.000010 0.000010 0.000010 0.000010 0.000010 0.000010 0.000010 0.000010
0.000010 0.000010 0.000010 0.000010 0.000010 0.000010 0.000010 0.553023 0.000010 0.000010 0.000010 0.000010 0.304914 0.141912 0.000010 0.000010 0.000010 0.000010
0.000010 0.000010 0.000010 0.000010 0.000010 0.000010 0.000010 0.560872 0.000010 0.000010 0.000010 0.000010 0.289007 0.000010 0.000010 0.079718 0.070263 0.000010
0.000010 0.000010 0.000010 0.000010 0.022520 0.000010 0.000010 0.343233 0.000010 0.000010 0.082149 0.000010 0.391182 0.000010 0.000010 0.000010 0.122612 0.038185
0.000010 0.000010 0.000010 0.000010 0.000010 0.000010 0.000010 0.000010 0.000010 0.000010 0.000010 0.000010 0.999830 0.000010 0.000010 0.000010 0.000010 0.000010
0.000010 0.000010 0.000010 0.133032 0.000010 0.000010 0.000010 0.449914 0.000010 0.000010 0.000010 0.000010 0.262271 0.000010 0.000010 0.085365 0.000010 0.069288
0.000010 0.000010 0.000010 0.049603 0.000010 0.000010 0.000010 0.406626 0.000010 0.000010 0.000010 0.000010 0.183581 0.231613 0.000010 0.000010 0.128447 0.000010
0.000010 0.000010 0.000010 0.000010 0.000010 0.000010 0.000010 0.000010 0.000010 0.000010 0.000010 0.000010 0.999830 0.000010 0.000010 0.000010 0.000010 0.000010
0.000010 0.000010 0.000010 0.000010 0.000010 0.000010 0.000010 0.000010 0.000010 0.000010 0.000010 0.000010 0.999830 0.000010 0.000010 0.000010 0.000010 0.000010
0.000010 0.000010 0.000010 0.000010 0.000010 0.000010 0.000010 0.000010 0.000010 0.000010 0.000010 0.000010 0.999830 0.000010 0.000010 0.000010 0.000010 0.000010
0.000010 0.000010 0.000010 0.062379 0.086921 0.000010 0.019144 0.349833 0.000010 0.000010 0.000010 0.000133 0.288786 0.000010 0.000010 0.096334 0.096370 0.000010
0.000010 0.000010 0.000010 0.000010 0.000010 0.000010 0.000010 0.000010 0.000010 0.000010 0.000010 0.000010 0.999830 0.000010 0.000010 0.000010 0.000010 0.000010
0.000010 0.000010 0.000010 0.000010 0.000010 0.000010 0.000010 0.415915 0.000010 0.000010 0.000010 0.000010 0.473409 0.000010 0.000010 0.110525 0.000010 0.000010
0.000010 0.000010 0.000010 0.000010 0.000010 0.000010 0.000010 0.371183 0.000010 0.000010 0.000010 0.000010 0.420151 0.000010 0.000010 0.087592 0.120934 0.000010
0.000010 0.000010 0.000010 0.000010 0.040939 0.000010 0.000010 0.382937 0.000010 0.000010 0.081037 0.000010 0.358119 0.000010 0.000010 0.016860 0.119986 0.000010
0.000010 0.000010 0.237781 0.000010 0.000010 0.000010 0.000010 0.000010 0.000010 0.000010 0.000010 0.762059 0.000010 0.000010 0.000010 0.000010 0.000010 0.000010
0.000010 0.000010 0.000010 0.000010 0.000010 0.000010 0.000010 0.000010 0.000010 0.000010 0.000010 0.999830 0.000010 0.000010 0.000010 0.000010 0.000010 0.000010
0.000010 0.000010 0.999830 0.000010 0.000010 0.000010 0.000010 0.000010 0.000010 0.000010 0.000010 0.000010 0.000010 0.000010 0.000010 0.000010 0.000010 0.000010
0.000010 0.000010 0.999830 0.000010 0.000010 0.000010 0.000010 0.000010 0.000010 0.000010 0.000010 0.000010 0.000010 0.000010 0.000010 0.000010 0.000010 0.000010
0.000010 0.000010 0.406002 0.000010 0.000010 0.000010 0.000453 0.000010 0.000010 0.000010 0.000010 0.408283 0.000010 0.185122 0.000010 0.000010 0.000010 0.000010
0.000010 0.000010 0.999830 0.000010 0.000010 0.000010 0.000010 0.000010 0.000010 0.000010 0.000010 0.000010 0.000010 0.000010 0.000010 0.000010 0.000010 0.000010
0.000010 0.000010 0.284956 0.000010 0.000010 0.206423 0.000010 0.000010 0.000010 0.000010 0.000010 0.508470 0.000010 0.000010 0.000010 0.000010 0.000010 0.000010
0.000010 0.000010 0.000010 0.000010 0.000010 0.000010 0.000010 0.000010 0.000010 0.000010 0.000010 0.999830 0.000010 0.000010 0.000010 0.000010 0.000010 0.000010
0.000010 0.000010 0.999830 0.000010 0.000010 0.000010 0.000010 0.000010 0.000010 0.000010 0.000010 0.000010 0.000010 0.000010 0.000010 0.000010 0.000010 0.000010
0.000010 0.000010 0.253942 0.000010 0.000010 0.000010 0.000010 0.000010 0.000010 0.000010 0.000010 0.552415 0.000010 0.043963 0.000010 0.149541 0.000010 0.000010
0.000010 0.000010 0.000010 0.000010 0.000010 0.000010 0.000010 0.000010 0.000010 0.000010 0.000010 0.999830 0.000010 0.000010 0.000010 0.000010 0.000010 0.000010
0.000010 0.000010 0.999830 0.000010 0.000010 0.000010 0.000010 0.000010 0.000010 0.000010 0.000010 0.000010 0.000010 0.000010 0.000010 0.000010 0.000010 0.000010
0.000010 0.000010 0.000010 0.000010 0.000010 0.000010 0.000010 0.000010 0.000010 0.000010 0.000010 0.999830 0.000010 0.000010 0.000010 0.000010 0.000010 0.000010
0.000010 0.000010 0.000010 0.000010 0.000010 0.000010 0.000010 0.000010 0.000010 0.000010 0.000010 0.999830 0.000010 0.000010 0.000010 0.000010 0.000010 0.000010
0.000010 0.000010 0.000010 0.000010 0.000010 0.000010 0.000010 0.000010 0.000010 0.000010 0.000010 0.999830 0.000010 0.000010 0.000010 0.000010 0.000010 0.000010
0.000010 0.000010 0.000010 0.000010 0.000010 0.000010 0.000010 0.000010 0.000010 0.000010 0.000010 0.999830 0.000010 0.000010 0.000010 0.000010 0.000010 0.000010
0.000010 0.000010 0.277963 0.000010 0.000010 0.000010 0.000010 0.000010 0.000010 0.000010 0.000010 0.721877 0.000010 0.000010 0.000010 0.000010 0.000010 0.000010
0.000010 0.000010 0.313908 0.000010 0.000010 0.131389 0.000010 0.000010 0.000010 0.000010 0.000010 0.554552 0.000010 0.000010 0.000010 0.000010 0.000010 0.000010
0.000010 0.000010 0.229379 0.000010 0.000010 0.000010 0.000010 0.000010 0.000010 0.000010 0.000010 0.581968 0.000010 0.188503 0.000010 0.000010 0.000010 0.000010
0.000010 0.000010 0.999830 0.000010 0.000010 0.000010 0.000010 0.000010 0.000010 0.000010 0.000010 0.000010 0.000010 0.000010 0.000010 0.000010 0.000010 0.000010
0.000010 0.000010 0.000010 0.000010 0.000010 0.000010 0.000010 0.000010 0.000010 0.000010 0.000010 0.999830 0.000010 0.000010 0.000010 0.000010 0.000010 0.000010
0.000010 0.000010 0.999830 0.000010 0.000010 0.000010 0.000010 0.000010 0.000010 0.000010 0.000010 0.000010 0.000010 0.000010 0.000010 0.000010 0.000010 0.000010
0.000010 0.000010 0.000010 0.000010 0.000010 0.000010 0.000010 0.000010 0.000010 0.000010 0.000010 0.999830 0.000010 0.000010 0.000010 0.000010 0.000010 0.000010
0.000010 0.000010 0.238475 0.013451 0.000010 0.000010 0.000010 0.000010 0.000010 0.000010 0.132438 0.615497 0.000010 0.000010 0.000010 0.000010 0.000010 0.000010
0.000010 0.000010 0.273463 0.000010 0.000010 0.000010 0.000010 0.000010 0.000010 0.000010 0.000010 0.524388 0.000010 0.201999 0.000010 0.000010 0.000010 0.000010
0.000010 0.000010 0.000010 0.000010 0.000010 0.000010 0.000010 0.000010 0.000010 0.000010 0.000010 0.999830 0.000010 0.000010 0.000010 0.000010 0.000010 0.000010
0.000010 0.000010 0.999830 0.000010 0.000010 0.000010 0.000010 0.000010 0.000010 0.000010 0.000010 0.000010 0.000010 0.000010 0.000010 0.000010 0.000010 0.000010
0.000010 0.000010 0.430641 0.000010 0.000010 0.000010 0.000010 0.000010 0.000010 0.000010 0.000010 0.350858 0.000010 0.218351 0.000010 0.000010 0.000010 0.000010
0.000010 0.000010 0.295338 0.000010 0.085305 0.000010 0.000010 0.000010 0.000010 0.000010 0.000010 0.619207 0.000010 0.000010 0.000010 0.000010 0.000010 0.000010
0.000010 0.000010 0.755008 0.000010 0.000010 0.000010 0.000010 0.000010 0.000010 0.000010 0.000010 0.000010 0.000010 0.000010 0.000010 0.244832 0.000010 0.000010
0.000010 0.000010 0.235068 0.000010 0.000010 0.000010 0.000010 0.000010 0.000010 0.000010 0.000010 0.506821 0.000010 0.257961 0.000010 0.000010 0.000010 0.000010
0.000010 0.000010 0.000010 0.000010 0.000010 0.000010 0.000010 0.000010 0.000010 0.000010 0.000010 0.999830 0.000010 0.000010 0.000010 0.000010 0.000010 0.000010
0.031092 0.000010 0.000010 0.000010 0.000010 0.132866 0.014511 0.000010 0.000010 0.000010 0.000010 0.000010 0.000010 0.039290 0.000010 0.000010 0.782111 0.000010
0.000010 0.000010 0.000010 0.321221 0.014323 0.000010 0.471529 0.000010 0.000010 0.000010 0.000010 0.000010 0.087542 0.000010 0.000010 0.082070 0.023194 0.000010
0.000010 0.000010 0.000010 0.318149 0.017516 0.000010 0.523148 0.000010 0.000010 0.000010 0.000010 0.000010 0.000010 0.000010 0.000010 0.112507 0.028551 0.000010
0.000010 0.000010 0.000010 0.306745 0.000010 0.000010 0.431342 0.000010 0.000010 0.000010 0.000010 0.025515 0.000010 0.000010 0.000010 0.140323 0.095944 0.000010
0.000010 0.000010 0.023880 0.320709 0.033176 0.000010 0.387091 0.000010 0.000010 0.000010 0.000010 0.000010 0.043864 0.000010 0.000010 0.000010 0.191160 0.000010
0.000010 0.000010 0.000010 0.999830 0.000010 0.000010 0.000010 0.000010 0.000010 0.000010 0.000010 0.000010 0.000010 0.000010 0.000010 0.000010 0.000010 0.000010
0.000010 0.000010 0.045587 0.000010 0.000010 0.000010 0.000010 0.000010 0.000010 0.000010 0.000010 0.000010 0.095726 0.000010 0.000010 0.000010 0.788380 0.070167
0.012954 0.000010 0.006391 0.552314 0.068783 0.000010 0.291001 0.000010 0.000010 0.000010 0.019068 0.000010 0.000010 0.000010 0.000010 0.000010 0.049377 0.000010
0.000010 0.000010 0.000010 0.242656 0.000010 0.000010 0.528592 0.049204 0.000010 0.000010 0.000010 0.000010 0.070890 0.000010 0.000010 0.108480 0.000010 0.000058
0.000010 0.000010 0.000010 0.305321 0.000010 0.000010 0.379487 0.021537 0.000010 0.000010 0.000010 0.000010 0.000010 0.130281 0.000010 0.000010 0.124517 0.038737
0.000010 0.000010 0.004807 0.405931 0.000010 0.000010 0.438804 0.000010 0.000010 0.000010 0.000010 0.000010 0.000010 0.000010 0.000010 0.062953 0.087375 0.000010
0.026114 0.000010 0.000584 0.272204 0.014355 0.000010 0.440727 0.000010 0.000010 0.000010 0.000010 0.078698 0.000010 0.000010 0.000010 0.000010 0.167208 0.000010
0.000010 0.000010 0.000010 0.292494 0.000010 0.000010 0.390828 0.066114 0.000010 0.000010 0.000010 0.000010 0.004698 0.245736 0.000010 0.000010 0.000010 0.000010
0.000010 0.000010 0.000010 0.294233 0.000010 0.000010 0.411349 0.000010 0.000010 0.000010 0.120927 0.000010 0.018505 0.000010 0.000010 0.000010 0.154856 0.000010
0.000010 0.000010 0.000010 0.287611 0.005652 0.000010 0.486799 0.000010 0.000010 0.000010 0.131551 0.000010 0.000010 0.000010 0.000010 0.000010 0.088257 0.000010
0.000010 0.000010 0.000010 0.385881 0.000010 0.000010 0.284918 0.000010 0.000010 0.000010 0.000010 0.000010 0.000010 0.212233 0.000010 0.000010 0.116828 0.000010
0.000010 0.000010 0.000010 0.297334 0.022110 0.000010 0.492007 0.000010 0.000010 0.000010 0.059206 0.000010 0.090167 0.000010 0.000010 0.009815 0.000010 0.029252
0.000010 0.000010 0.000010 0.999830 0.000010 0.000010 0.000010 0.000010 0.000010 0.000010 0.000010 0.000010 0.000010 0.000010 0.000010 0.000010 0.000010 0.000010
0.000010 0.000010 0.000010 0.999830 0.000010 0.000010 0.000010 0.000010 0.000010 0.000010 0.000010 0.000010 0.000010 0.000010 0.000010 0.000010 0.000010 0.000010
0.000010 0.000010 0.000010 0.229890 0.000010 0.000010 0.491645 0.086116 0.000010 0.000010 0.060031 0.000010 0.000010 0.000010 0.000010 0.000010 0.132188 0.000010
0.000010 0.000010 0.003407 0.189185 0.000010 0.000010 0.533276 0.018772 0.000010 0.000010 0.132236 0.000010 0.000010 0.000010 0.000010 0.000010 0.123004 0.000010
0.022328 0.000010 0.000010 0.325461 0.000010 0.000010 0.456122 0.066233 0.000010 0.000010 0.076436 0.000010 0.000010 0.000010 0.000010 0.000010 0.053299 0.000010
0.000010 0.000010 0.000010 0.999830 0.000010 0.000010 0.000010 0.000010 0.000010 0.000010 0.000010 0.000010 0.000010 0.000010 0.000010 0.000010 0.000010 0.000010
0.002059 0.000010 0.000010 0.125903 0.000010 0.000010 0.000010 0.000010 0.000010 0.000010 0.140649 0.000010 0.000010 0.000010 0.000010 0.107196 0.624064 0.000010
0.000010 0.000010 0.010433 0.198300 0.000010 0.000017 0.604448 0.089565 0.000010 0.000010 0.000010 0.000010 0.000010 0.000010 0.000010 0.029873 0.049024 0.018239
0.000010 0.000010 0.000010 0.999830 0.000010 0.000010 0.000010 0.000010 0.000010 0.000010 0.000010 0.000010 0.000010 0.000010 0.000010 0.000010 0.000010 0.000010
0.000010 0.000010 0.000010 0.999830 0.000010 0.000010 0.000010 0.000010 0.000010 0.000010 0.000010 0.000010 0.000010 0.000010 0.000010 0.000010 0.000010 0.000010
0.000010 0.000010 0.028645 0.336761 0.000010 0.000010 0.252607 0.000010 0.000010 0.000010 0.050834 0.000010 0.000010 0.000010 0.000010 0.000010 0.282009 0.049023
0.000010 0.000010 0.000010 0.000010 0.000010 0.000010 0.000010 0.000010 0.000010 0.000010 0.000010 0.000010 0.000010 0.000010 0.000010 0.999830 0.000010 0.000010
