0.843975 0.000010 0.106877 0.049137
0.883569 0.000010 0.079060 0.037361
0.962983 0.000010 0.016711 0.020296
0.928490 0.000010 0.003584 0.067916
0.874502 0.000010 0.065907 0.059581
0.879803 0.000010 0.035646 0.084541
0.807243 0.000010 0.167251 0.025497
0.874020 0.000010 0.080760 0.045210
0.870322 0.000010 0.049388 0.080280
0.849359 0.000010 0.150621 0.000010
0.869485 0.000010 0.095140 0.035366
0.882783 0.000010 0.117197 0.000010
0.944476 0.000010 0.036162 0.019351
0.938746 0.000010 0.027306 0.033938
0.861472 0.000010 0.100353 0.038165
0.938846 0.009998 0.045462 0.005694
0.852662 0.000010 0.117648 0.029680
0.900448 0.000010 0.053973 0.045569
0.837890 0.003954 0.146951 0.011205
0.862067 0.006636 0.099141 0.032156
0.935078 0.000010 0.064902 0.000010
0.875104 0.010997 0.071743 0.042156
0.903130 0.000010 0.096850 0.000010
0.840932 0.000010 0.142470 0.016589
0.926163 0.002188 0.049038 0.022610
0.851928 0.000010 0.089780 0.058281
0.789501 0.000010 0.183195 0.027294
0.895337 0.000010 0.051872 0.052781
0.890741 0.000010 0.057207 0.052043
0.892405 0.000010 0.083749 0.023836
0.855000 0.000010 0.058446 0.086544
0.873571 0.000010 0.111037 0.015382
0.904182 0.000010 0.082276 0.013532
0.901524 0.000010 0.042246 0.056221
0.826912 0.000010 0.111193 0.061884
0.914009 0.000010 0.000010 0.085971
0.869363 0.000010 0.000010 0.130617
0.862920 0.001021 0.000010 0.136049
0.932794 0.000010 0.000010 0.067186
0.915583 0.000010 0.034434 0.049973
0.886363 0.005390 0.043862 0.064385
0.919699 0.004973 0.015213 0.060115
0.908220 0.002695 0.000010 0.089075
0.885990 0.000010 0.022609 0.091391
0.938746 0.000010 0.000010 0.061234
0.890619 0.005292 0.000010 0.104079
0.900376 0.009784 0.000010 0.089829
0.881271 0.000010 0.043194 0.075524
0.864148 0.000010 0.000010 0.135832
0.904062 0.012456 0.011242 0.072239
0.820485 0.000010 0.107226 0.072279
0.908458 0.000010 0.000010 0.091522
0.848040 0.000010 0.076008 0.075943
0.854926 0.000010 0.000010 0.145054
0.890666 0.000010 0.000010 0.109314
0.852602 0.000010 0.029004 0.118384
0.900722 0.000010 0.020578 0.078691
0.717594 0.000010 0.119378 0.163019
0.813886 0.000010 0.019249 0.166855
0.805669 0.000010 0.060679 0.133643
0.768316 0.001473 0.000010 0.230201
0.834245 0.000010 0.000010 0.165735
0.701748 0.000010 0.062980 0.235262
0.790459 0.000010 0.033993 0.175538
0.855017 0.000010 0.005766 0.139207
0.791018 0.000010 0.004508 0.204464
0.766382 0.000010 0.059582 0.174026
0.785843 0.000010 0.036991 0.177157
0.697271 0.000010 0.112722 0.189997
0.823024 0.000010 0.057380 0.119585
0.825511 0.000010 0.059934 0.114545
0.877406 0.000010 0.000010 0.122574
0.761691 0.000010 0.148323 0.089976
0.789229 0.000010 0.097140 0.113621
0.817313 0.000010 0.024454 0.158223
0.739290 0.014088 0.083032 0.163590
0.791310 0.000010 0.041827 0.166854
0.791620 0.000010 0.029345 0.179025
0.849868 0.000010 0.035098 0.115024
0.673213 0.000010 0.158998 0.167779
0.749888 0.000010 0.089386 0.160716
0.061803 0.000010 0.000010 0.938177
0.019146 0.000010 0.000010 0.980834
0.039307 0.000010 0.000010 0.960673
0.008446 0.000010 0.000010 0.991534
0.000010 0.000010 0.023062 0.976918
0.003860 0.000010 0.091822 0.904308
0.000010 0.000010 0.041850 0.958130
0.023900 0.020012 0.094629 0.861460
0.079776 0.000010 0.000010 0.920204
0.036032 0.000010 0.000010 0.963948
0.008236 0.000010 0.086191 0.905564
0.046799 0.000010 0.000010 0.953181
0.040637 0.000010 0.000010 0.959343
0.000010 0.000010 0.039066 0.960914
0.020386 0.000010 0.083311 0.896293
0.000010 0.000010 0.083689 0.916291
0.000010 0.000010 0.000010 0.999970
0.000010 0.000010 0.063198 0.936782
0.000010 0.000010 0.000010 0.999970
0.016503 0.000010 0.000010 0.983477
0.000010 0.000010 0.051361 0.948619
0.046056 0.000010 0.054920 0.899013
0.000010 0.000010 0.000010 0.999970
0.042660 0.000010 0.046476 0.910854
0.000010 0.000010 0.000010 0.999970
0.028057 0.006327 0.037495 0.928121
0.000010 0.000010 0.000010 0.999970
0.016519 0.000010 0.000010 0.983461
0.000010 0.000010 0.112808 0.887172
0.000010 0.020072 0.000010 0.979908
0.000010 0.000010 0.000010 0.999970
0.009574 0.000010 0.043409 0.947006
0.000010 0.000010 0.039331 0.960649
0.000010 0.000010 0.057452 0.942528
0.000010 0.000010 0.082627 0.917353
0.000010 0.000010 0.000010 0.999970
0.039251 0.000010 0.000010 0.960729
0.011235 0.000010 0.041950 0.946805
0.000010 0.000010 0.000010 0.999970
0.000010 0.000010 0.025992 0.973988
0.019852 0.000010 0.000010 0.980128
0.016209 0.000010 0.019521 0.964260
0.000016 0.000010 0.000010 0.999964
0.038754 0.000010 0.018089 0.943147
0.000010 0.000010 0.113061 0.886919
0.000010 0.000010 0.095806 0.904174
0.000010 0.000010 0.000010 0.999970
0.005737 0.000010 0.000443 0.993810
0.000010 0.004548 0.044033 0.951409
0.000010 0.000010 0.000010 0.999970
0.000010 0.000010 0.103542 0.896438
0.044977 0.000010 0.000010 0.955003
0.000010 0.000010 0.002254 0.997726
0.000010 0.000010 0.074564 0.925416
0.012558 0.000010 0.018318 0.969114
0.000010 0.000010 0.108336 0.891644
0.000010 0.000010 0.000010 0.999970
0.000010 0.000010 0.016177 0.983803
0.000010 0.000010 0.059381 0.940599
0.010830 0.000010 0.047164 0.941996
0.061325 0.000010 0.000010 0.938655
0.000010 0.000010 0.073981 0.925999
0.032636 0.000010 0.038096 0.929257
0.038968 0.000010 0.000010 0.961012
0.031454 0.000010 0.042033 0.926503
0.015094 0.000010 0.096272 0.888624
0.000010 0.000010 0.110313 0.889667
0.060903 0.000010 0.020629 0.918458
0.033973 0.000010 0.066333 0.899684
0.567950 0.000010 0.432030 0.000010
0.688602 0.000010 0.243576 0.067812
0.685135 0.000010 0.308650 0.006205
0.578648 0.000010 0.421332 0.000010
0.709102 0.000010 0.204669 0.086219
0.618854 0.000010 0.373900 0.007236
0.635480 0.003936 0.280594 0.079990
0.695339 0.000010 0.282512 0.022139
0.661693 0.000010 0.327314 0.010982
0.702446 0.000010 0.229939 0.067605
0.590853 0.000010 0.409127 0.000010
0.670355 0.000010 0.329625 0.000010
0.637778 0.002743 0.359470 0.000010
0.586042 0.000010 0.413938 0.000010
0.680064 0.000010 0.319916 0.000010
0.677783 0.000010 0.311981 0.010226
0.687202 0.000010 0.312778 0.000010
0.624124 0.000010 0.375856 0.000010
0.755898 0.000010 0.215285 0.028807
0.621703 0.000010 0.378277 0.000010
0.569527 0.000010 0.430453 0.000010
0.712939 0.000010 0.287041 0.000010
0.740866 0.000118 0.212137 0.046879
0.723225 0.000010 0.211014 0.065750
0.669862 0.009325 0.230781 0.090032
0.738500 0.000010 0.161933 0.099557
0.710869 0.000010 0.277757 0.011365
0.595119 0.000010 0.404861 0.000010
0.651115 0.000010 0.322284 0.026591
0.692009 0.000010 0.268856 0.039125
0.739703 0.000010 0.249573 0.010714
0.756608 0.000010 0.243372 0.000010
0.723034 0.000010 0.258467 0.018489
0.764695 0.000010 0.196531 0.038764
0.749965 0.002089 0.243821 0.004125
0.000010 0.000010 0.973660 0.026320
0.000010 0.022384 0.977596 0.000010
0.000010 0.000010 0.999970 0.000010
0.000010 0.000010 0.999970 0.000010
0.000010 0.000010 0.931925 0.068055
0.000010 0.000010 0.971754 0.028226
0.000010 0.000010 0.939913 0.060067
0.000010 0.000010 0.999970 0.000010
0.000020 0.000010 0.999960 0.000010
0.000010 0.000010 0.999970 0.000010
0.000010 0.000010 0.901308 0.098672
0.000010 0.000010 0.999970 0.000010
0.021432 0.000010 0.978548 0.000010
0.012579 0.000010 0.972128 0.015283
0.000010 0.000010 0.954759 0.045221
0.000010 0.000010 0.907014 0.092966
0.000010 0.000010 0.922115 0.077865
0.000010 0.000010 0.991391 0.008589
0.000010 0.000010 0.999970 0.000010
0.000010 0.000010 0.999970 0.000010
0.000010 0.000010 0.999970 0.000010
0.000010 0.000010 0.999970 0.000010
0.000010 0.000010 0.987553 0.012427
0.001490 0.000010 0.921530 0.076970
0.000010 0.000010 0.918270 0.081710
0.000010 0.000010 0.880727 0.119253
0.038518 0.000010 0.961462 0.000010
0.000010 0.000010 0.999970 0.000010
0.000010 0.000010 0.939337 0.060643
0.000010 0.000010 0.999970 0.000010
0.000010 0.000010 0.999970 0.000010
0.000010 0.000010 0.976239 0.023741
0.872962 0.000010 0.087697 0.039331
0.902142 0.000010 0.051016 0.046832
0.901218 0.008096 0.000010 0.090677
0.885438 0.000010 0.053586 0.060966
0.930279 0.000010 0.005616 0.064095
0.851678 0.000010 0.101106 0.047206
0.892351 0.000010 0.033249 0.074390
0.854511 0.000010 0.001497 0.143983
0.894089 0.000010 0.014001 0.091900
0.849275 0.000010 0.094686 0.056029
0.935478 0.000010 0.000010 0.064502
0.857628 0.000010 0.047165 0.095196
0.774724 0.000010 0.195019 0.030248
0.870218 0.009935 0.008263 0.111584
0.860899 0.000010 0.058530 0.080561
0.812097 0.005581 0.144391 0.037932
0.839856 0.000010 0.034454 0.125680
0.853491 0.003765 0.077185 0.065559
0.885391 0.000010 0.000010 0.114589
0.945061 0.000010 0.000010 0.054919
0.888379 0.000010 0.023566 0.088045
0.899887 0.000010 0.000010 0.100093
0.840931 0.000010 0.154526 0.004534
0.822395 0.000010 0.109931 0.067664
0.916482 0.000010 0.000010 0.083498
0.871317 0.000010 0.128663 0.000010
0.896848 0.000010 0.103132 0.000010
0.905262 0.000010 0.034095 0.060634
0.021721 0.000010 0.766949 0.211320
0.030291 0.000010 0.803692 0.166007
0.004129 0.000010 0.858322 0.137539
0.026197 0.000010 0.847443 0.126350
0.021625 0.000010 0.778188 0.200177
0.007824 0.000010 0.766761 0.225405
0.023587 0.000010 0.783836 0.192567
0.041443 0.000010 0.783682 0.174864
0.029336 0.000010 0.831414 0.139240
0.062841 0.000010 0.762846 0.174303
0.000010 0.000010 0.887969 0.112011
0.031689 0.009952 0.868467 0.089892
0.045123 0.000010 0.772938 0.181929
0.055325 0.000010 0.761939 0.182726
0.019888 0.000010 0.774128 0.205974
0.029805 0.000010 0.807736 0.162449
0.023159 0.000010 0.802498 0.174334
0.058020 0.000010 0.838411 0.103558
0.006740 0.000010 0.782332 0.210918
0.068655 0.000010 0.803971 0.127363
0.035478 0.000010 0.796640 0.167872
0.056411 0.009570 0.797994 0.136026
0.048844 0.000010 0.814830 0.136317
0.033517 0.000010 0.826028 0.140445
0.906008 0.000010 0.045750 0.048232
0.906213 0.000010 0.069654 0.024123
0.874684 0.000010 0.041244 0.084062
0.838322 0.000010 0.070812 0.090856
0.937150 0.000010 0.000010 0.062830
0.875590 0.000010 0.100771 0.023629
0.895634 0.000010 0.069638 0.034718
0.896534 0.000010 0.043665 0.059791
0.889566 0.000010 0.084322 0.026102
0.806468 0.000010 0.193512 0.000010
0.902897 0.005811 0.091282 0.000010
0.864392 0.000010 0.081436 0.054163
0.876662 0.000010 0.051490 0.071839
0.839025 0.000010 0.141099 0.019866
0.897575 0.000010 0.056974 0.045440
0.842369 0.000010 0.122578 0.035042
0.863982 0.000010 0.128744 0.007264
0.881827 0.000010 0.118153 0.000010
0.821300 0.000010 0.153283 0.025407
0.806831 0.000010 0.152833 0.040326
0.915892 0.000010 0.058814 0.025284
0.763349 0.000010 0.231826 0.004815
0.815717 0.000010 0.173347 0.010926
0.787429 0.000010 0.212551 0.000010
0.630339 0.000010 0.338907 0.030744
0.731528 0.000010 0.248953 0.019509
0.695808 0.000010 0.281590 0.022591
0.663654 0.000010 0.288996 0.047341
0.634995 0.000010 0.364985 0.000010
0.645901 0.000010 0.335531 0.018559
0.675710 0.005062 0.291354 0.027875
0.672767 0.000010 0.327213 0.000010
0.675133 0.000010 0.312579 0.012278
0.000010 0.999970 0.000010 0.000010
0.000010 0.999970 0.000010 0.000010
0.000010 0.999970 0.000010 0.000010
0.000010 0.997472 0.002508 0.000010
0.000010 0.999970 0.000010 0.000010
0.000010 0.999970 0.000010 0.000010
0.000010 0.999970 0.000010 0.000010
0.000010 0.999970 0.000010 0.000010
0.000010 0.999970 0.000010 0.000010
0.000010 0.999970 0.000010 0.000010
0.000010 0.999970 0.000010 0.000010
0.000010 0.999970 0.000010 0.000010
0.000010 0.983672 0.016308 0.000010
0.000010 0.999970 0.000010 0.000010
0.000010 0.999970 0.000010 0.000010
0.000010 0.999970 0.000010 0.000010
0.000010 0.999970 0.000010 0.000010
0.000010 0.999970 0.000010 0.000010
0.000010 0.999970 0.000010 0.000010
0.000010 0.999970 0.000010 0.000010
0.000010 0.999970 0.000010 0.000010
0.000010 0.999970 0.000010 0.000010
0.000010 0.999970 0.000010 0.000010
0.000010 0.999970 0.000010 0.000010
0.000010 0.999970 0.000010 0.000010
0.000010 0.999970 0.000010 0.000010
0.000010 0.999970 0.000010 0.000010
0.000010 0.999970 0.000010 0.000010
0.000010 0.999970 0.000010 0.000010
0.000010 0.999970 0.000010 0.000010
0.000010 0.964311 0.035669 0.000010
0.000010 0.991316 0.008664 0.000010
0.000010 0.999970 0.000010 0.000010
0.000010 0.994927 0.005053 0.000010
0.000010 0.999970 0.000010 0.000010
0.000010 0.999970 0.000010 0.000010
0.000010 0.999970 0.000010 0.000010
0.000010 0.999970 0.000010 0.000010
0.000010 0.999970 0.000010 0.000010
0.000010 0.999970 0.000010 0.000010
0.000010 0.999970 0.000010 0.000010
0.000010 0.999970 0.000010 0.000010
0.000010 0.999970 0.000010 0.000010
0.000010 0.999970 0.000010 0.000010
0.000010 0.999970 0.000010 0.000010
0.000010 0.999970 0.000010 0.000010
0.000010 0.999970 0.000010 0.000010
0.000010 0.999970 0.000010 0.000010
0.000010 0.999970 0.000010 0.000010
0.000010 0.999970 0.000010 0.000010
0.000010 0.998740 0.001240 0.000010
0.000010 0.999970 0.000010 0.000010
0.000010 0.993753 0.006227 0.000010
0.000010 0.999970 0.000010 0.000010
0.000010 0.999970 0.000010 0.000010
0.000010 0.999970 0.000010 0.000010
0.000010 0.999970 0.000010 0.000010
0.000010 0.999970 0.000010 0.000010
0.000010 0.999970 0.000010 0.000010
0.000010 0.999970 0.000010 0.000010
0.000010 0.999970 0.000010 0.000010
0.000010 0.999970 0.000010 0.000010
0.000010 0.999970 0.000010 0.000010
0.000010 0.999970 0.000010 0.000010
0.000010 0.990365 0.000010 0.009615
0.000010 0.702569 0.297411 0.000010
0.000010 0.728120 0.271860 0.000010
0.006882 0.739198 0.253910 0.000010
0.000010 0.688202 0.311778 0.000010
0.000010 0.733590 0.266390 0.000010
0.000010 0.668316 0.331664 0.000010
0.000010 0.693383 0.306597 0.000010
0.000010 0.724383 0.275597 0.000010
0.000010 0.700583 0.299397 0.000010
0.000010 0.708278 0.291702 0.000010
0.000010 0.726471 0.273509 0.000010
0.000010 0.725389 0.274591 0.000010
0.000010 0.703091 0.296687 0.000212
0.000010 0.700228 0.299752 0.000010
0.000010 0.754644 0.245336 0.000010
0.000010 0.714602 0.285378 0.000010
0.000010 0.717333 0.282647 0.000010
0.028460 0.015093 0.785352 0.171095
0.076489 0.003681 0.808764 0.111066
0.003563 0.010829 0.913560 0.072047
0.030854 0.018459 0.776596 0.174090
0.014073 0.000010 0.985907 0.000010
0.003251 0.015615 0.850889 0.130246
0.014312 0.025517 0.781969 0.178203
0.023812 0.012085 0.817335 0.146768
0.022674 0.000014 0.856842 0.120470
0.041467 0.000010 0.719487 0.239036
0.082585 0.010237 0.719710 0.187469
0.000010 0.015132 0.864273 0.120585
0.000010 0.000010 0.809677 0.190303
0.000010 0.012066 0.839962 0.147962
0.000010 0.021229 0.866914 0.111846
0.000010 0.028639 0.759130 0.212221
0.052379 0.031137 0.790600 0.125884
0.006431 0.008185 0.808833 0.176551
0.032789 0.000010 0.858573 0.108627
0.034740 0.018809 0.761774 0.184677
0.048248 0.000010 0.848011 0.103731
0.029307 0.008895 0.753961 0.207837
0.029506 0.000010 0.873047 0.097437
0.024700 0.005804 0.817133 0.152363
0.053083 0.000010 0.825444 0.121463
0.032411 0.013602 0.747371 0.206615
0.070618 0.000010 0.795710 0.133661
0.000010 0.008567 0.854839 0.136584
0.068363 0.021768 0.715692 0.194176
0.002441 0.000010 0.844717 0.152832
0.000010 0.000010 0.836657 0.163323
0.022225 0.012000 0.779702 0.186074
0.000010 0.002379 0.949986 0.047626
0.045919 0.000010 0.852279 0.101792
0.062760 0.005737 0.787667 0.143836
0.027010 0.033455 0.778857 0.160678
0.034191 0.012016 0.804625 0.149168
0.000010 0.000010 0.811832 0.188148
0.029155 0.000010 0.762509 0.208326
0.045549 0.000010 0.765246 0.189195
0.005758 0.000010 0.819289 0.174944
0.044273 0.011559 0.804514 0.139654
0.000010 0.000010 0.864279 0.135701
0.023950 0.015032 0.799042 0.161976
0.034448 0.015763 0.728791 0.220998
0.035948 0.021394 0.781695 0.160962
0.045621 0.014396 0.786663 0.153319
