0.000010 0.921800 0.078190
0.000010 0.966639 0.033351
0.000010 0.999980 0.000010
0.000010 0.979103 0.020887
0.000010 0.953994 0.045996
0.000010 0.950079 0.049911
0.000010 0.899912 0.100078
0.000010 0.956918 0.043072
0.000010 0.938229 0.061761
0.000438 0.962266 0.037296
0.000010 0.951083 0.048907
0.000010 0.981973 0.018017
0.000010 0.999980 0.000010
0.000010 0.999980 0.000010
0.000010 0.945568 0.054422
0.006535 0.993455 0.000010
0.000010 0.940192 0.059798
0.000010 0.979619 0.020371
0.005218 0.936405 0.058377
0.008151 0.944605 0.047244
0.000010 0.999980 0.000010
0.011609 0.949026 0.039365
0.000010 0.996959 0.003031
0.000010 0.947444 0.052546
0.000010 0.999980 0.000010
0.000010 0.934421 0.065569
0.000010 0.887068 0.112922
0.000010 0.977445 0.022545
0.000010 0.965785 0.034205
0.000010 0.968839 0.031151
0.000010 0.927005 0.072985
0.000010 0.958611 0.041379
0.000010 0.989244 0.010746
0.000010 0.964500 0.035490
0.000010 0.906564 0.093426
0.000010 0.989204 0.010786
0.000010 0.949820 0.050170
0.000010 0.933835 0.066155
0.000010 0.999980 0.000010
0.000010 0.999980 0.000010
0.004465 0.954029 0.041506
0.004450 0.989610 0.005941
0.000010 0.975483 0.024507
0.000010 0.950674 0.049316
0.000010 0.999980 0.000010
0.004695 0.948740 0.046565
0.004384 0.969187 0.026429
0.000010 0.946981 0.053009
0.000010 0.910664 0.089326
0.008109 0.969223 0.022667
0.000010 0.900457 0.099533
0.000010 0.999980 0.000010
0.000010 0.912798 0.087192
0.000010 0.916006 0.083984
0.000010 0.975634 0.024356
0.000010 0.908444 0.091546
0.000010 0.971925 0.028065
0.000010 0.791809 0.208181
0.000010 0.867731 0.132259
0.000010 0.863728 0.136262
0.000010 0.817465 0.182525
0.000010 0.887751 0.112239
0.000010 0.754527 0.245463
0.000010 0.846058 0.153932
0.000010 0.904703 0.095287
0.000010 0.841434 0.158556
0.000010 0.826240 0.173750
0.000010 0.837838 0.162152
0.000010 0.754277 0.245713
0.000010 0.881986 0.118004
0.000010 0.895057 0.104933
0.000010 0.948599 0.051391
0.000010 0.843415 0.156575
0.000010 0.856638 0.143352
0.000010 0.864292 0.135698
0.012217 0.800095 0.187688
0.000010 0.849655 0.150335
0.000010 0.843298 0.156692
0.000010 0.919027 0.080963
0.000010 0.746358 0.253632
0.000010 0.811174 0.188816
0.000010 0.051968 0.948022
0.000010 0.004625 0.995365
0.000010 0.030221 0.969769
0.000010 0.012437 0.987553
0.000010 0.000010 0.999980
0.000010 0.006928 0.993062
0.000010 0.000010 0.999980
0.012781 0.039978 0.947242
0.000010 0.057911 0.942079
0.000010 0.028040 0.971950
0.000010 0.000851 0.999139
0.000010 0.048545 0.951445
0.000010 0.043713 0.956277
0.000010 0.000010 0.999980
0.000010 0.003129 0.996861
0.000010 0.015905 0.984085
0.000010 0.000010 0.999980
0.000010 0.000010 0.999980
0.000010 0.000010 0.999980
0.000010 0.025678 0.974312
0.000010 0.000010 0.999980
0.000010 0.026724 0.973266
0.000010 0.000010 0.999980
0.000010 0.041187 0.958803
0.000010 0.000010 0.999980
0.000010 0.024896 0.975094
0.000010 0.000010 0.999980
0.000010 0.000010 0.999980
0.000010 0.000010 0.999980
0.000010 0.000010 0.999980
0.000010 0.000010 0.999980
0.000010 0.012014 0.987976
0.000010 0.000010 0.999980
0.000010 0.000010 0.999980
0.000010 0.010992 0.988998
0.000010 0.000010 0.999980
0.000010 0.034515 0.965475
0.000010 0.009657 0.990333
0.000010 0.000010 0.999980
0.000010 0.000010 0.999980
0.000010 0.019827 0.980163
0.000010 0.016581 0.983409
0.000010 0.000010 0.999980
0.000010 0.030070 0.969920
0.000010 0.014043 0.985947
0.000010 0.000010 0.999980
0.000010 0.000010 0.999980
0.000010 0.000010 0.999980
0.000010 0.000010 0.999980
0.000010 0.000010 0.999980
0.000010 0.000010 0.999980
0.000010 0.041960 0.958030
0.000010 0.000010 0.999980
0.000010 0.000010 0.999980
0.000010 0.001549 0.998441
0.000010 0.000010 0.999980
0.000010 0.012161 0.987829
0.000010 0.000010 0.999980
0.000010 0.000010 0.999980
0.000010 0.023583 0.976407
0.000010 0.050233 0.949757
0.000010 0.000010 0.999980
0.000010 0.038364 0.961626
0.000010 0.020465 0.979525
0.000010 0.012864 0.987126
0.000010 0.026673 0.973317
0.000010 0.000010 0.999980
0.000010 0.042896 0.957094
0.000010 0.015746 0.984244
0.000010 0.696957 0.303033
0.000010 0.777560 0.222430
0.000010 0.792204 0.207786
0.004239 0.717416 0.278344
0.000010 0.791363 0.208627
0.000010 0.729530 0.270460
0.005431 0.725049 0.269520
0.000010 0.800079 0.199911
0.000010 0.770128 0.229862
0.000010 0.794632 0.205358
0.000010 0.732451 0.267539
0.000010 0.775105 0.224885
0.006003 0.767510 0.226487
0.000010 0.735913 0.264077
0.000010 0.791223 0.208767
0.000480 0.791429 0.208091
0.000010 0.810955 0.189035
0.015362 0.735681 0.248957
0.002843 0.853401 0.143756
0.000010 0.757502 0.242488
0.000010 0.685125 0.314865
0.000010 0.835672 0.164318
0.000010 0.834600 0.165390
0.000010 0.811146 0.188844
0.011810 0.750136 0.238055
0.000010 0.814678 0.185312
0.000010 0.814573 0.185417
0.006508 0.724143 0.269349
0.000010 0.758489 0.241501
0.000010 0.788542 0.211448
0.000010 0.844442 0.155548
0.000010 0.858473 0.141517
0.000010 0.815239 0.184751
0.000010 0.847966 0.152024
0.007754 0.847978 0.144268
0.043660 0.035280 0.921060
0.073798 0.097087 0.829114
0.002638 0.076234 0.921128
0.032299 0.113256 0.854445
0.031241 0.055807 0.912952
0.026100 0.009570 0.964330
0.033910 0.061343 0.904746
0.052090 0.042321 0.905589
0.015531 0.079204 0.905264
0.004539 0.051567 0.943894
0.038042 0.052314 0.909644
0.040983 0.016519 0.942499
0.040614 0.090942 0.868444
0.036779 0.102453 0.860769
0.023220 0.040602 0.936179
0.029169 0.056903 0.913928
0.025071 0.080952 0.893977
0.037280 0.050382 0.912337
0.040738 0.064032 0.895230
0.041964 0.082672 0.875364
0.042706 0.071033 0.886261
0.030283 0.069631 0.900086
0.014475 0.002759 0.982766
0.027099 0.098164 0.874737
0.021798 0.070540 0.907662
0.033537 0.051152 0.915311
0.009175 0.161342 0.829483
0.045817 0.085848 0.868335
0.034737 0.048618 0.916645
0.025077 0.105810 0.869113
0.014095 0.000010 0.985895
0.042094 0.050779 0.907127
0.000010 0.959271 0.040719
0.000010 0.975528 0.024462
0.006589 0.967349 0.026063
0.000010 0.953381 0.046609
0.000010 0.997208 0.002782
0.000010 0.946300 0.053690
0.000010 0.962839 0.037151
0.000010 0.907910 0.092080
0.000010 0.959375 0.040615
0.000010 0.937133 0.062857
0.000010 0.999980 0.000010
0.000010 0.919973 0.080017
0.000010 0.872887 0.127103
0.004755 0.937655 0.057590
0.000010 0.926205 0.073785
0.006193 0.901480 0.092327
0.000010 0.900488 0.099502
0.004632 0.923643 0.071725
0.000010 0.954706 0.045284
0.000010 0.999980 0.000010
0.000010 0.955839 0.044151
0.000010 0.981108 0.018882
0.000010 0.936536 0.063454
0.000010 0.896077 0.103913
0.000010 0.987409 0.012581
0.000010 0.989989 0.010001
0.000010 0.999980 0.000010
0.000010 0.974820 0.025170
0.001430 0.103349 0.895221
0.031055 0.111638 0.857306
0.013161 0.075928 0.910911
0.000010 0.113516 0.886474
0.007816 0.116214 0.875971
0.003220 0.073565 0.923215
0.012102 0.102443 0.885455
0.021314 0.116472 0.862214
0.013261 0.108542 0.878197
0.022877 0.146829 0.830294
0.010359 0.074552 0.915089
0.048281 0.115180 0.836539
0.017515 0.123510 0.858975
0.028279 0.141998 0.829722
0.003700 0.103324 0.892976
0.013191 0.128415 0.858394
0.023394 0.106015 0.870591
0.007470 0.164816 0.827714
0.000010 0.078533 0.921457
0.014081 0.162771 0.823148
0.018954 0.117691 0.863355
0.043172 0.134322 0.822506
0.018675 0.146633 0.834692
0.024272 0.111118 0.864610
0.000010 0.985420 0.014570
0.000010 0.991883 0.008107
0.000010 0.946463 0.053527
0.000010 0.908945 0.091045
0.000010 0.999980 0.000010
0.000010 0.957109 0.042881
0.000010 0.976379 0.023611
0.000010 0.965140 0.034850
0.000010 0.972471 0.027519
0.000010 0.935263 0.064727
0.005655 0.994335 0.000010
0.000010 0.939764 0.060226
0.000010 0.947795 0.052195
0.000010 0.934557 0.065433
0.000010 0.964259 0.035731
0.000010 0.926960 0.073030
0.000010 0.953060 0.046930
0.000010 0.982097 0.017893
0.000010 0.903476 0.096514
0.000010 0.894398 0.105592
0.000010 0.995467 0.004523
0.000010 0.860389 0.139601
0.000010 0.908352 0.091638
0.000010 0.894717 0.105273
0.000010 0.740855 0.259135
0.000010 0.827157 0.172833
0.000010 0.798960 0.201030
0.000010 0.761397 0.238593
0.000010 0.746765 0.253225
0.000010 0.768237 0.231753
0.012451 0.776870 0.210679
0.003313 0.790485 0.206202
0.000010 0.784201 0.215789
0.999980 0.000010 0.000010
0.999980 0.000010 0.000010
0.999980 0.000010 0.000010
0.999980 0.000010 0.000010
0.999980 0.000010 0.000010
0.999980 0.000010 0.000010
0.999980 0.000010 0.000010
0.999980 0.000010 0.000010
0.999980 0.000010 0.000010
0.999980 0.000010 0.000010
0.999980 0.000010 0.000010
0.999980 0.000010 0.000010
0.999980 0.000010 0.000010
0.999980 0.000010 0.000010
0.999980 0.000010 0.000010
0.999980 0.000010 0.000010
0.999980 0.000010 0.000010
0.999980 0.000010 0.000010
0.999980 0.000010 0.000010
0.999980 0.000010 0.000010
0.999980 0.000010 0.000010
0.999980 0.000010 0.000010
0.999980 0.000010 0.000010
0.999980 0.000010 0.000010
0.999980 0.000010 0.000010
0.999980 0.000010 0.000010
0.999980 0.000010 0.000010
0.999980 0.000010 0.000010
0.999980 0.000010 0.000010
0.999980 0.000010 0.000010
0.975841 0.000010 0.024149
0.999737 0.000010 0.000253
0.999980 0.000010 0.000010
0.999980 0.000010 0.000010
0.999980 0.000010 0.000010
0.999980 0.000010 0.000010
0.999980 0.000010 0.000010
0.999980 0.000010 0.000010
0.999980 0.000010 0.000010
0.999980 0.000010 0.000010
0.999980 0.000010 0.000010
0.999980 0.000010 0.000010
0.999980 0.000010 0.000010
0.999980 0.000010 0.000010
0.999980 0.000010 0.000010
0.999980 0.000010 0.000010
0.999980 0.000010 0.000010
0.999980 0.000010 0.000010
0.999980 0.000010 0.000010
0.999980 0.000010 0.000010
0.999980 0.000010 0.000010
0.999980 0.000010 0.000010
0.999980 0.000010 0.000010
0.999980 0.000010 0.000010
0.999980 0.000010 0.000010
0.999980 0.000010 0.000010
0.999980 0.000010 0.000010
0.999980 0.000010 0.000010
0.999980 0.000010 0.000010
0.999980 0.000010 0.000010
0.999980 0.000010 0.000010
0.999980 0.000010 0.000010
0.999980 0.000010 0.000010
0.999980 0.000010 0.000010
0.993815 0.000010 0.006175
0.732840 0.000010 0.267150
0.773345 0.000010 0.226645
0.775468 0.029672 0.194860
0.726623 0.000010 0.273367
0.769277 0.000010 0.230713
0.716331 0.000010 0.283659
0.740609 0.000010 0.259381
0.777261 0.000010 0.222729
0.735058 0.019632 0.245310
0.757182 0.000010 0.242808
0.770229 0.000010 0.229761
0.773835 0.000010 0.226155
0.743331 0.000010 0.256659
0.743352 0.000010 0.256638
0.787732 0.000010 0.212258
0.750388 0.008473 0.241139
0.760479 0.000010 0.239511
0.035825 0.122396 0.841779
0.033743 0.171260 0.794997
0.043440 0.103278 0.853281
0.045782 0.104504 0.849713
0.041595 0.112733 0.845672
0.047835 0.081312 0.870854
0.057173 0.072837 0.869990
0.041464 0.103883 0.854653
0.030895 0.127658 0.841447
0.024623 0.118310 0.857067
0.032596 0.161148 0.806256
0.063095 0.079905 0.857000
0.019817 0.060589 0.919594
0.056248 0.060991 0.882761
0.063384 0.076272 0.860345
0.058583 0.063429 0.877988
0.063044 0.122805 0.814151
0.035573 0.079846 0.884581
0.019647 0.114016 0.866337
0.050104 0.121464 0.828431
0.009453 0.139001 0.851546
0.046029 0.090461 0.863510
0.020690 0.123430 0.855880
0.038653 0.092567 0.868779
0.024872 0.135926 0.839202
0.046411 0.102587 0.851002
0.022985 0.165669 0.811346
0.041329 0.079194 0.879477
0.052285 0.132983 0.814732
0.033350 0.084773 0.881877
0.016953 0.076004 0.907042
0.046003 0.105249 0.848748
0.046318 0.049443 0.904240
0.027869 0.138320 0.833811
0.038258 0.146396 0.815346
0.065357 0.109709 0.824933
0.044495 0.103842 0.851663
0.028043 0.033278 0.938679
0.029196 0.104938 0.865866
0.031067 0.120905 0.848028
0.036314 0.088048 0.875638
0.039839 0.122928 0.837233
0.016231 0.062430 0.921339
0.041291 0.072829 0.885880
0.045667 0.098011 0.856322
0.050219 0.111330 0.838450
0.050061 0.134806 0.815133
