0.000010 0.746449 0.000010 0.000010 0.088981 0.147961 0.016578
0.000010 0.697433 0.000010 0.000010 0.038929 0.263598 0.000010
0.000010 0.686044 0.000010 0.000010 0.000010 0.313906 0.000010
0.000010 0.659538 0.000010 0.000010 0.000010 0.309460 0.030962
0.000010 0.708041 0.000010 0.000010 0.011029 0.241851 0.039049
0.000010 0.613814 0.000010 0.000010 0.000010 0.334513 0.051633
0.050106 0.661040 0.000010 0.000010 0.043853 0.226863 0.018118
0.037946 0.627352 0.000010 0.000010 0.000010 0.317157 0.017514
0.000010 0.647145 0.000010 0.000010 0.000010 0.299782 0.053033
0.018902 0.706329 0.000010 0.007882 0.035098 0.231770 0.000010
0.047925 0.706052 0.000010 0.000010 0.000010 0.232546 0.013447
0.039249 0.694702 0.000010 0.000010 0.000010 0.266009 0.000010
0.000010 0.644037 0.000010 0.000010 0.000010 0.355913 0.000010
0.000010 0.745674 0.000010 0.000010 0.000010 0.254276 0.000010
0.013056 0.707340 0.000010 0.000010 0.027321 0.231749 0.020514
0.000010 0.752702 0.000010 0.000010 0.000010 0.247247 0.000010
0.043053 0.644722 0.000010 0.000010 0.000010 0.297152 0.015043
0.000096 0.666209 0.000010 0.000010 0.000010 0.313880 0.019785
0.071434 0.647195 0.004887 0.000010 0.000010 0.276454 0.000010
0.019971 0.764269 0.006909 0.000010 0.000010 0.193460 0.015370
0.000010 0.739755 0.000010 0.000010 0.000010 0.260195 0.000010
0.000010 0.550794 0.000010 0.016611 0.032274 0.394449 0.005853
0.000010 0.788651 0.000010 0.000010 0.008112 0.203197 0.000010
0.004645 0.717294 0.000010 0.000010 0.044369 0.228437 0.005235
0.000010 0.710120 0.000010 0.010403 0.000010 0.279437 0.000010
0.021959 0.691705 0.000010 0.000010 0.000010 0.240061 0.046245
0.093830 0.680575 0.000010 0.000010 0.000010 0.201612 0.023953
0.000010 0.719098 0.000010 0.000010 0.000010 0.244190 0.036672
0.000010 0.686301 0.000010 0.000010 0.018394 0.273505 0.021770
0.000010 0.762608 0.000010 0.000010 0.000010 0.221796 0.015556
0.000010 0.624026 0.000010 0.000010 0.000010 0.309878 0.066056
0.000010 0.759379 0.000010 0.000010 0.028411 0.209862 0.002317
0.000010 0.620061 0.000010 0.000010 0.034003 0.345896 0.000010
0.000010 0.658507 0.000010 0.000010 0.000010 0.307337 0.034116
0.000010 0.568595 0.000010 0.000010 0.091610 0.319444 0.020321
0.000010 0.098786 0.000010 0.000010 0.000010 0.899107 0.002068
0.000010 0.093452 0.000010 0.000010 0.000010 0.845451 0.061057
0.000010 0.004965 0.000010 0.000010 0.003600 0.932859 0.058546
0.028991 0.079382 0.000010 0.000010 0.000010 0.891587 0.000010
0.030713 0.141526 0.000010 0.001728 0.000010 0.826004 0.000010
0.002776 0.173981 0.002795 0.003480 0.037695 0.779263 0.000010
0.000010 0.100848 0.000010 0.000010 0.023044 0.876068 0.000010
0.000010 0.130045 0.000010 0.000010 0.004336 0.838894 0.026694
0.043785 0.041392 0.000010 0.000010 0.000010 0.914784 0.000010
0.000010 0.065549 0.000010 0.000010 0.000010 0.934401 0.000010
0.017716 0.129298 0.000010 0.000656 0.000010 0.815324 0.036986
0.053745 0.005236 0.000010 0.000010 0.000010 0.940979 0.000010
0.000010 0.064596 0.000010 0.000010 0.069386 0.865978 0.000010
0.000010 0.037365 0.000010 0.000010 0.074918 0.860418 0.027270
0.001694 0.024707 0.000010 0.015488 0.002279 0.955812 0.000010
0.107772 0.000010 0.000011 0.000010 0.010924 0.876929 0.004343
0.000010 0.014251 0.000010 0.000010 0.000010 0.985699 0.000010
0.085411 0.033317 0.000010 0.000010 0.000010 0.881232 0.000010
0.000014 0.133598 0.000010 0.000010 0.019685 0.785952 0.060731
0.015197 0.000010 0.000010 0.000010 0.000010 0.974356 0.010406
0.057924 0.000010 0.000010 0.000010 0.000010 0.912822 0.029214
0.000010 0.082779 0.000010 0.000010 0.059982 0.857198 0.000010
0.068861 0.000010 0.000010 0.000010 0.092006 0.764609 0.074494
0.063113 0.063341 0.000010 0.000010 0.011046 0.797277 0.065203
0.003655 0.000010 0.000010 0.000010 0.087072 0.881819 0.027424
0.000010 0.029832 0.000010 0.000010 0.006876 0.811059 0.152204
0.013419 0.000010 0.000010 0.000010 0.001779 0.937213 0.047559
0.020295 0.000010 0.000010 0.000010 0.070511 0.793552 0.115612
0.060042 0.000010 0.000010 0.000010 0.027894 0.838891 0.073143
0.000010 0.099324 0.000010 0.000010 0.030453 0.807291 0.062902
0.000010 0.000010 0.000010 0.000010 0.060232 0.863183 0.076545
0.000010 0.000010 0.000010 0.000010 0.099364 0.854827 0.045769
0.038947 0.000010 0.000010 0.000010 0.050482 0.862630 0.047910
0.074415 0.000010 0.000010 0.000010 0.067519 0.791410 0.066626
0.000010 0.000010 0.000010 0.000010 0.092367 0.901564 0.006029
0.000010 0.000010 0.000010 0.000010 0.112222 0.887728 0.000010
0.006612 0.051802 0.000010 0.000010 0.000010 0.902425 0.039131
0.142685 0.000010 0.000010 0.000010 0.009697 0.832559 0.015028
0.000010 0.040884 0.000010 0.000010 0.134354 0.819127 0.005605
0.045077 0.015760 0.000010 0.000010 0.018312 0.854020 0.066812
0.012484 0.000010 0.000010 0.018320 0.095483 0.802465 0.071228
0.027155 0.000010 0.000010 0.000010 0.032692 0.873896 0.066227
0.019933 0.000010 0.000010 0.000010 0.056020 0.864302 0.059716
0.000742 0.062168 0.000010 0.000010 0.070741 0.861775 0.004554
0.166348 0.000013 0.000010 0.000010 0.000010 0.772120 0.061489
0.075273 0.000010 0.000010 0.000010 0.071265 0.803113 0.050319
0.000010 0.000010 0.000010 0.000010 0.000010 0.086333 0.913617
0.000010 0.000010 0.000010 0.000010 0.032377 0.031846 0.935738
0.000010 0.052368 0.000010 0.000010 0.017960 0.000010 0.929633
0.001565 0.013428 0.000010 0.000010 0.000010 0.009353 0.975624
0.007870 0.000649 0.000010 0.000010 0.054998 0.000010 0.936453
0.069080 0.024223 0.000010 0.000010 0.029542 0.000010 0.877125
0.000010 0.000010 0.000010 0.010548 0.089514 0.000010 0.899898
0.006005 0.033401 0.019365 0.000010 0.117694 0.000010 0.823514
0.014214 0.030221 0.000010 0.000010 0.000010 0.061993 0.893541
0.000010 0.028759 0.000010 0.000010 0.025823 0.013328 0.932060
0.053330 0.007960 0.000010 0.000010 0.066520 0.002148 0.870022
0.000010 0.043728 0.000010 0.000010 0.024942 0.013869 0.917432
0.000010 0.000010 0.000010 0.000010 0.000010 0.071680 0.928270
0.047376 0.000010 0.000010 0.000010 0.000010 0.000010 0.952574
0.045017 0.000010 0.000010 0.000010 0.062615 0.034828 0.857510
0.066840 0.000010 0.000010 0.000010 0.029639 0.000010 0.903481
0.000010 0.000010 0.000010 0.000010 0.052578 0.000010 0.947372
0.076188 0.006425 0.000010 0.000010 0.000010 0.000010 0.917347
0.015879 0.000010 0.000010 0.000010 0.000010 0.000010 0.984071
0.000010 0.000010 0.000010 0.000010 0.000010 0.029027 0.970923
0.071382 0.000010 0.000010 0.000010 0.000010 0.000010 0.928568
0.070330 0.052231 0.000010 0.000010 0.000010 0.000010 0.877399
0.000010 0.000010 0.000010 0.000010 0.000010 0.000010 0.999940
0.000010 0.000010 0.000010 0.000010 0.087521 0.053547 0.858893
0.000010 0.000010 0.000010 0.000010 0.000010 0.000010 0.999940
0.043855 0.010010 0.001380 0.008223 0.005787 0.023204 0.907541
0.000010 0.000010 0.000010 0.000010 0.000010 0.000010 0.999940
0.000010 0.034378 0.000010 0.000010 0.000010 0.000010 0.965572
0.085456 0.000010 0.000010 0.000010 0.043999 0.000010 0.870506
0.000010 0.000010 0.019505 0.000010 0.035596 0.000010 0.944859
0.000010 0.000010 0.000010 0.000010 0.000010 0.000010 0.999940
0.067424 0.000010 0.000010 0.000010 0.000010 0.036913 0.895624
0.018371 0.000010 0.000010 0.000010 0.051855 0.011553 0.918192
0.004337 0.000010 0.000010 0.000010 0.091332 0.000010 0.904291
0.084134 0.000010 0.000010 0.000010 0.000010 0.003594 0.912232
0.005216 0.000010 0.000010 0.000010 0.000010 0.000010 0.994734
0.000010 0.000010 0.000010 0.000010 0.048820 0.038742 0.912398
0.022096 0.000010 0.000010 0.000010 0.036731 0.034752 0.906392
0.000010 0.000010 0.000010 0.000010 0.000010 0.001544 0.998406
0.000010 0.000010 0.000010 0.000010 0.078868 0.000010 0.921082
0.000010 0.000010 0.000010 0.000010 0.066848 0.025343 0.907769
0.020245 0.022163 0.000010 0.000010 0.016944 0.000010 0.940619
0.000010 0.005479 0.000010 0.000018 0.040411 0.000010 0.954062
0.042426 0.000010 0.000010 0.000010 0.000010 0.051420 0.906114
0.117429 0.000010 0.000010 0.000010 0.000010 0.017329 0.865201
0.045906 0.000010 0.000010 0.000010 0.071978 0.001119 0.880968
0.000010 0.000010 0.000010 0.000010 0.000010 0.000010 0.999940
0.034836 0.014711 0.000010 0.000010 0.000010 0.000010 0.950412
0.039456 0.000010 0.003037 0.006449 0.012399 0.000010 0.938640
0.000010 0.012222 0.000010 0.000010 0.000010 0.000010 0.987728
0.133961 0.000010 0.000010 0.000010 0.000010 0.000010 0.865989
0.000010 0.062705 0.000010 0.000010 0.000010 0.000010 0.937245
0.028998 0.000010 0.000010 0.000010 0.000010 0.000010 0.970952
0.041680 0.000010 0.000010 0.000010 0.055859 0.000010 0.902421
0.000010 0.020548 0.000010 0.000010 0.051418 0.000010 0.927993
0.112947 0.000010 0.000010 0.000010 0.000010 0.000010 0.887003
0.000010 0.000010 0.000010 0.000010 0.000010 0.037517 0.962433
0.023568 0.000010 0.000010 0.000010 0.015932 0.000010 0.960460
0.080717 0.002783 0.000010 0.000010 0.000010 0.000010 0.916460
0.049634 0.012938 0.000010 0.000010 0.001607 0.012874 0.922927
0.000010 0.069193 0.000010 0.000010 0.000010 0.004999 0.925768
0.075351 0.000010 0.000010 0.000010 0.000010 0.000010 0.924599
0.055047 0.023839 0.000010 0.000010 0.000010 0.013099 0.907985
0.000010 0.022241 0.000010 0.000010 0.026523 0.027867 0.923339
0.037072 0.000010 0.000010 0.000010 0.015692 0.059511 0.887694
0.039660 0.024445 0.000010 0.000010 0.065501 0.000010 0.870364
0.092490 0.000010 0.000010 0.000010 0.035338 0.000010 0.872132
0.031830 0.075076 0.000010 0.000010 0.000010 0.000010 0.893054
0.000010 0.041621 0.000010 0.000010 0.084578 0.000010 0.873760
0.159207 0.719835 0.000010 0.000010 0.120917 0.000010 0.000010
0.020895 0.748071 0.000010 0.000010 0.159794 0.017191 0.054030
0.099332 0.805089 0.000010 0.000010 0.095540 0.000010 0.000010
0.146178 0.676514 0.000010 0.000010 0.177268 0.000010 0.000010
0.000010 0.725018 0.000010 0.000010 0.166490 0.049488 0.058975
0.120357 0.568160 0.000010 0.000010 0.198573 0.112880 0.000010
0.036378 0.695313 0.000010 0.000010 0.220866 0.008101 0.039321
0.005876 0.761579 0.000010 0.000010 0.211262 0.010599 0.010664
0.121667 0.683849 0.000010 0.000010 0.142341 0.052113 0.000010
0.023012 0.737085 0.000010 0.000010 0.109433 0.056555 0.073895
0.114139 0.690449 0.000010 0.000010 0.195372 0.000010 0.000010
0.124563 0.765072 0.000010 0.000010 0.110325 0.000010 0.000010
0.147760 0.680164 0.000010 0.002594 0.130717 0.038745 0.000010
0.031160 0.706455 0.000010 0.000010 0.262345 0.000010 0.000010
0.099692 0.730148 0.000010 0.000010 0.147200 0.022930 0.000010
0.091148 0.757506 0.000011 0.000010 0.126050 0.025265 0.000010
0.031906 0.692861 0.000010 0.000010 0.204114 0.071088 0.000010
0.123532 0.711510 0.000010 0.005931 0.146937 0.012070 0.000010
0.072104 0.820426 0.000010 0.005309 0.053291 0.022186 0.026674
0.019997 0.752199 0.000010 0.000010 0.227764 0.000010 0.000010
0.163675 0.653278 0.000010 0.000010 0.178032 0.004985 0.000010
0.055070 0.838140 0.000010 0.000010 0.106749 0.000010 0.000010
0.031987 0.812680 0.000010 0.006442 0.094472 0.022022 0.032387
0.005751 0.797948 0.000010 0.000010 0.137971 0.000010 0.058300
0.006714 0.754423 0.012790 0.000010 0.155690 0.000010 0.070362
0.025657 0.689609 0.000010 0.000010 0.066953 0.131115 0.086646
0.079553 0.731770 0.000010 0.000010 0.097979 0.085594 0.005084
0.153401 0.672888 0.000010 0.000010 0.173671 0.000010 0.000010
0.111186 0.738042 0.000010 0.000010 0.131438 0.000010 0.019305
0.052815 0.713780 0.000010 0.000010 0.150770 0.061191 0.021424
0.070387 0.687917 0.000010 0.000010 0.106377 0.135289 0.000010
0.000010 0.802944 0.000010 0.000010 0.197006 0.000010 0.000010
0.000010 0.746706 0.000010 0.000010 0.207969 0.045284 0.000010
0.000010 0.825873 0.000010 0.000010 0.130612 0.022715 0.020770
0.017037 0.772363 0.000010 0.000010 0.171749 0.038821 0.000010
0.999940 0.000010 0.000010 0.000010 0.000010 0.000010 0.000010
0.982667 0.000010 0.000010 0.017283 0.000010 0.000010 0.000010
0.999940 0.000010 0.000010 0.000010 0.000010 0.000010 0.000010
0.999940 0.000010 0.000010 0.000010 0.000010 0.000010 0.000010
0.872588 0.000010 0.000010 0.000010 0.095314 0.005760 0.026308
0.914848 0.000010 0.000010 0.000010 0.085102 0.000010 0.000010
0.842307 0.000010 0.000010 0.000010 0.124769 0.000010 0.032884
0.999940 0.000010 0.000010 0.000010 0.000010 0.000010 0.000010
0.999940 0.000010 0.000010 0.000010 0.000010 0.000010 0.000010
0.999940 0.000010 0.000010 0.000010 0.000010 0.000010 0.000010
0.990145 0.000010 0.000010 0.000010 0.000010 0.000010 0.009805
0.999940 0.000010 0.000010 0.000010 0.000010 0.000010 0.000010
0.999940 0.000010 0.000010 0.000010 0.000010 0.000010 0.000010
0.999940 0.000010 0.000010 0.000010 0.000010 0.000010 0.000010
0.999940 0.000010 0.000010 0.000010 0.000010 0.000010 0.000010
0.954248 0.000010 0.000010 0.000010 0.000010 0.000010 0.045702
0.999940 0.000010 0.000010 0.000010 0.000010 0.000010 0.000010
0.999940 0.000010 0.000010 0.000010 0.000010 0.000010 0.000010
0.999940 0.000010 0.000010 0.000010 0.000010 0.000010 0.000010
0.999940 0.000010 0.000010 0.000010 0.000010 0.000010 0.000010
0.999940 0.000010 0.000010 0.000010 0.000010 0.000010 0.000010
0.999940 0.000010 0.000010 0.000010 0.000010 0.000010 0.000010
0.999940 0.000010 0.000010 0.000010 0.000010 0.000010 0.000010
0.969657 0.000010 0.000010 0.000010 0.000010 0.004225 0.026078
0.933764 0.000010 0.000010 0.000010 0.000010 0.000010 0.066186
0.896371 0.000010 0.000010 0.015437 0.000010 0.000010 0.088151
0.907499 0.039539 0.000010 0.000010 0.028369 0.024563 0.000010
0.999940 0.000010 0.000010 0.000010 0.000010 0.000010 0.000010
0.999940 0.000010 0.000010 0.000010 0.000010 0.000010 0.000010
0.999940 0.000010 0.000010 0.000010 0.000010 0.000010 0.000010
0.999940 0.000010 0.000010 0.000010 0.000010 0.000010 0.000010
0.999940 0.000010 0.000010 0.000010 0.000010 0.000010 0.000010
0.000010 0.654801 0.000010 0.000010 0.065525 0.278736 0.000908
0.000010 0.128494 0.000010 0.006269 0.046821 0.818386 0.000010
0.000010 0.014585 0.000010 0.010542 0.000010 0.974833 0.000010
0.074512 0.102892 0.000010 0.000010 0.000010 0.822556 0.000010
0.016921 0.233761 0.000010 0.000010 0.000010 0.749278 0.000010
0.086062 0.198024 0.000010 0.000010 0.000010 0.715874 0.000010
0.004885 0.730767 0.000010 0.000010 0.000010 0.219063 0.045256
0.001445 0.107017 0.000010 0.000010 0.035207 0.810364 0.045947
0.000010 0.118630 0.000010 0.000010 0.058552 0.822779 0.000010
0.082748 0.183164 0.000010 0.000010 0.000010 0.734048 0.000010
0.000010 0.102651 0.000010 0.000010 0.000010 0.897299 0.000010
0.065264 0.140521 0.000010 0.000010 0.000010 0.776190 0.017995
0.145021 0.173869 0.000010 0.000010 0.012585 0.668495 0.000010
0.037140 0.158851 0.000010 0.000010 0.000010 0.786594 0.017386
0.023067 0.043874 0.000010 0.000010 0.041937 0.891092 0.000010
0.082447 0.169328 0.000010 0.007165 0.038922 0.702119 0.000010
0.023695 0.052071 0.000010 0.000010 0.055288 0.841484 0.027443
0.034244 0.164111 0.000010 0.020109 0.000010 0.764365 0.017150
0.000010 0.217011 0.000010 0.000010 0.018158 0.720842 0.043959
0.007264 0.185212 0.000010 0.000010 0.000010 0.807483 0.000010
0.009520 0.128767 0.000010 0.000010 0.008442 0.836162 0.017089
0.000010 0.151421 0.000010 0.000010 0.000010 0.818067 0.030472
0.108356 0.154904 0.000010 0.000010 0.000594 0.736116 0.000010
0.000010 0.647531 0.000010 0.000010 0.049201 0.261361 0.041877
0.000010 0.100779 0.000010 0.000010 0.000010 0.880464 0.018717
0.079093 0.056730 0.000010 0.000010 0.015683 0.848464 0.000010
0.085964 0.083079 0.000010 0.000010 0.000010 0.830918 0.000010
0.073137 0.224928 0.000010 0.000010 0.000010 0.701895 0.000010
0.256351 0.019512 0.000010 0.000010 0.600855 0.000010 0.123252
0.286247 0.030646 0.000010 0.000010 0.619654 0.000010 0.063423
0.353996 0.031889 0.000010 0.000010 0.570211 0.000010 0.043875
0.371483 0.035974 0.000010 0.000010 0.549661 0.000010 0.042852
0.270903 0.008991 0.000010 0.000010 0.628424 0.000010 0.091653
0.283168 0.009153 0.000010 0.000010 0.579367 0.000010 0.128282
0.267583 0.015333 0.000010 0.000010 0.618346 0.000010 0.098708
0.290101 0.048279 0.000010 0.000010 0.579123 0.000010 0.082467
0.325763 0.006340 0.000010 0.000010 0.602001 0.013357 0.052519
0.268804 0.046366 0.000010 0.000010 0.593877 0.000010 0.090923
0.376911 0.000010 0.000010 0.000010 0.600744 0.000010 0.022306
0.330369 0.022197 0.007981 0.000010 0.639423 0.000010 0.000010
0.331376 0.019376 0.000010 0.000010 0.533521 0.019344 0.096364
0.294596 0.047134 0.000010 0.000010 0.568906 0.000010 0.089335
0.246286 0.031511 0.000010 0.000010 0.609811 0.000010 0.112362
0.272534 0.042214 0.000010 0.000010 0.633639 0.000010 0.051583
0.300117 0.027216 0.000010 0.000010 0.588656 0.000010 0.083982
0.350105 0.040970 0.000010 0.000010 0.581219 0.018938 0.008749
0.302059 0.016660 0.000010 0.000010 0.569698 0.000010 0.111553
0.325819 0.071064 0.000010 0.000010 0.555892 0.000010 0.047195
0.301833 0.036986 0.000010 0.000010 0.609871 0.000010 0.051280
0.325536 0.066824 0.000261 0.000010 0.565364 0.000010 0.041995
0.337642 0.043148 0.000010 0.000010 0.577734 0.000010 0.041446
0.246923 0.051286 0.000010 0.000010 0.665793 0.000010 0.035968
0.000010 0.691017 0.000010 0.000010 0.019983 0.280745 0.008224
0.000010 0.785461 0.000010 0.000010 0.000010 0.204643 0.009856
0.000010 0.685629 0.000010 0.000010 0.000010 0.261179 0.053151
0.000010 0.623789 0.000010 0.000010 0.011664 0.292357 0.072160
0.000010 0.614461 0.000010 0.000010 0.000010 0.370128 0.015371
0.060795 0.672222 0.000010 0.000010 0.000010 0.266943 0.000010
0.000010 0.728690 0.000010 0.000010 0.000010 0.256613 0.014657
0.000010 0.669192 0.000010 0.000010 0.011343 0.291939 0.027496
0.000010 0.618718 0.000010 0.000010 0.041667 0.339576 0.000010
0.088972 0.833517 0.000010 0.000010 0.000010 0.077471 0.000010
0.040939 0.695037 0.006483 0.000010 0.000010 0.257511 0.000010
0.014223 0.676931 0.000010 0.000010 0.000010 0.265021 0.043795
0.006360 0.578385 0.000010 0.000010 0.000010 0.373076 0.042149
0.047587 0.705828 0.000010 0.000010 0.018369 0.225031 0.003165
0.000010 0.785835 0.000010 0.000010 0.000010 0.188352 0.025773
0.008416 0.646522 0.000010 0.000010 0.069281 0.267556 0.008206
0.000010 0.701531 0.000010 0.000010 0.078631 0.219798 0.000010
0.011556 0.715117 0.000010 0.002918 0.012019 0.258369 0.000010
0.022760 0.716575 0.000010 0.000010 0.084983 0.171744 0.003918
0.037953 0.589323 0.000010 0.000010 0.058088 0.291187 0.023428
0.016282 0.643869 0.000010 0.000010 0.000010 0.339809 0.000010
0.142482 0.475577 0.000010 0.000010 0.016412 0.365499 0.000010
0.093941 0.721374 0.000010 0.000010 0.000010 0.179650 0.005005
0.117603 0.703718 0.000010 0.000010 0.000010 0.178639 0.000010
0.059255 0.743697 0.000010 0.000010 0.179268 0.000010 0.017751
0.102354 0.774658 0.000010 0.015484 0.048282 0.048376 0.010836
0.042824 0.683121 0.000010 0.000010 0.162156 0.094723 0.017155
0.084230 0.688206 0.000010 0.001748 0.126329 0.062006 0.037471
0.016703 0.739524 0.000010 0.000010 0.243734 0.000010 0.000010
0.038364 0.719679 0.000010 0.000010 0.236693 0.005233 0.000010
0.106025 0.810187 0.003822 0.007216 0.061736 0.000010 0.011005
0.020706 0.734643 0.000010 0.000010 0.205311 0.039310 0.000010
0.018639 0.780059 0.000010 0.000010 0.200590 0.000010 0.000682
0.000010 0.000010 0.999940 0.000010 0.000010 0.000010 0.000010
0.000010 0.000010 0.999940 0.000010 0.000010 0.000010 0.000010
0.000010 0.000010 0.999940 0.000010 0.000010 0.000010 0.000010
0.000010 0.000010 0.966353 0.015777 0.017831 0.000010 0.000010
0.000010 0.000010 0.999940 0.000010 0.000010 0.000010 0.000010
0.000010 0.000010 0.974860 0.025090 0.000010 0.000010 0.000010
0.000010 0.000010 0.999940 0.000010 0.000010 0.000010 0.000010
0.000010 0.000010 0.999940 0.000010 0.000010 0.000010 0.000010
0.000010 0.000010 0.999940 0.000010 0.000010 0.000010 0.000010
0.000010 0.000010 0.999940 0.000010 0.000010 0.000010 0.000010
0.000010 0.000010 0.989249 0.000010 0.010701 0.000010 0.000010
0.000010 0.000010 0.980153 0.019797 0.000010 0.000010 0.000010
0.000010 0.000010 0.978721 0.000010 0.021229 0.000010 0.000010
0.000010 0.000010 0.999940 0.000010 0.000010 0.000010 0.000010
0.000010 0.000010 0.963000 0.036950 0.000010 0.000010 0.000010
0.000010 0.000010 0.999940 0.000010 0.000010 0.000010 0.000010
0.000010 0.000010 0.999940 0.000010 0.000010 0.000010 0.000010
0.000010 0.000010 0.944488 0.055462 0.000010 0.000010 0.000010
0.000010 0.000010 0.934946 0.065004 0.000010 0.000010 0.000010
0.000010 0.000010 0.999940 0.000010 0.000010 0.000010 0.000010
0.000010 0.000010 0.999940 0.000010 0.000010 0.000010 0.000010
0.000010 0.000010 0.963249 0.036701 0.000010 0.000010 0.000010
0.000010 0.000010 0.997938 0.002012 0.000010 0.000010 0.000010
0.000010 0.000010 0.999940 0.000010 0.000010 0.000010 0.000010
0.000010 0.000010 0.973224 0.026726 0.000010 0.000010 0.000010
0.000010 0.000010 0.999940 0.000010 0.000010 0.000010 0.000010
0.000010 0.000010 0.999940 0.000010 0.000010 0.000010 0.000010
0.000012 0.000010 0.996221 0.000010 0.003727 0.000010 0.000010
0.004610 0.000010 0.995340 0.000010 0.000010 0.000010 0.000010
0.007092 0.000010 0.992858 0.000010 0.000010 0.000010 0.000010
0.042079 0.000010 0.957871 0.000010 0.000010 0.000010 0.000010
0.000745 0.000010 0.924789 0.074426 0.000010 0.000010 0.000010
0.000010 0.000010 0.999940 0.000010 0.000010 0.000010 0.000010
0.004979 0.000010 0.946040 0.048941 0.000010 0.000010 0.000010
0.000010 0.000010 0.902800 0.097150 0.000010 0.000010 0.000010
0.000010 0.000010 0.897869 0.102081 0.000010 0.000010 0.000010
0.000010 0.000010 0.999940 0.000010 0.000010 0.000010 0.000010
0.000010 0.000010 0.935898 0.064052 0.000010 0.000010 0.000010
0.000010 0.000010 0.921609 0.078341 0.000010 0.000010 0.000010
0.000010 0.000010 0.999940 0.000010 0.000010 0.000010 0.000010
0.000010 0.000010 0.999940 0.000010 0.000010 0.000010 0.000010
0.000010 0.000010 0.999940 0.000010 0.000010 0.000010 0.000010
0.000010 0.000010 0.931026 0.068924 0.000010 0.000010 0.000010
0.000010 0.000010 0.884545 0.115405 0.000010 0.000010 0.000010
0.000010 0.000010 0.999940 0.000010 0.000010 0.000010 0.000010
0.000010 0.000010 0.967729 0.032221 0.000010 0.000010 0.000010
0.000010 0.000010 0.917141 0.082809 0.000010 0.000010 0.000010
0.000010 0.000010 0.934817 0.065126 0.000010 0.000017 0.000010
0.000010 0.000010 0.972801 0.027149 0.000010 0.000010 0.000010
0.000010 0.000010 0.915404 0.084546 0.000010 0.000010 0.000010
0.000017 0.000010 0.885668 0.114275 0.000010 0.000010 0.000010
0.000010 0.000010 0.995727 0.004223 0.000010 0.000010 0.000010
0.000010 0.000010 0.861679 0.138271 0.000010 0.000010 0.000010
0.000010 0.000010 0.995600 0.004350 0.000010 0.000010 0.000010
0.000010 0.000010 0.905759 0.094191 0.000010 0.000010 0.000010
0.000010 0.000010 0.959434 0.040516 0.000010 0.000010 0.000010
0.000010 0.000010 0.874293 0.125657 0.000010 0.000010 0.000010
0.000010 0.000010 0.999940 0.000010 0.000010 0.000010 0.000010
0.000010 0.000010 0.894973 0.104977 0.000010 0.000010 0.000010
0.000010 0.000010 0.952560 0.047390 0.000010 0.000010 0.000010
0.000010 0.000010 0.999940 0.000010 0.000010 0.000010 0.000010
0.000010 0.000010 0.937727 0.062223 0.000010 0.000010 0.000010
0.000010 0.000010 0.874849 0.125101 0.000010 0.000010 0.000010
0.000010 0.000010 0.948383 0.051567 0.000010 0.000010 0.000010
0.000010 0.000010 0.886465 0.113485 0.000010 0.000010 0.000010
0.000010 0.000010 0.000010 0.999940 0.000010 0.000010 0.000010
0.000010 0.000010 0.000010 0.999940 0.000010 0.000010 0.000010
0.000010 0.000010 0.000010 0.999940 0.000010 0.000010 0.000010
0.000010 0.000010 0.000010 0.999940 0.000010 0.000010 0.000010
0.000010 0.000010 0.000010 0.999940 0.000010 0.000010 0.000010
0.000010 0.000010 0.000010 0.999940 0.000010 0.000010 0.000010
0.000010 0.000010 0.000010 0.999940 0.000010 0.000010 0.000010
0.000010 0.000010 0.000010 0.999940 0.000010 0.000010 0.000010
0.000010 0.000010 0.000010 0.999940 0.000010 0.000010 0.000010
0.000010 0.000010 0.000010 0.999940 0.000010 0.000010 0.000010
0.000010 0.000010 0.000010 0.999940 0.000010 0.000010 0.000010
0.000010 0.000010 0.000010 0.999940 0.000010 0.000010 0.000010
0.000010 0.000010 0.000010 0.999940 0.000010 0.000010 0.000010
0.000010 0.000010 0.000010 0.999940 0.000010 0.000010 0.000010
0.000010 0.000010 0.000010 0.999940 0.000010 0.000010 0.000010
0.000010 0.000010 0.000010 0.999940 0.000010 0.000010 0.000010
0.000010 0.000010 0.000010 0.999940 0.000010 0.000010 0.000010
0.000010 0.000010 0.000010 0.015263 0.984687 0.000010 0.000010
0.000010 0.000010 0.000010 0.000010 0.979417 0.020533 0.000010
0.006182 0.000010 0.000010 0.000010 0.993768 0.000010 0.000010
0.000010 0.000010 0.000010 0.000010 0.999940 0.000010 0.000010
0.079097 0.000010 0.000010 0.000010 0.920853 0.000010 0.000010
0.020100 0.000010 0.000010 0.000010 0.979850 0.000010 0.000010
0.000010 0.000010 0.000010 0.013690 0.986260 0.000010 0.000010
0.000010 0.000010 0.000010 0.021289 0.969922 0.000010 0.008750
0.000010 0.000010 0.000010 0.000010 0.999940 0.000010 0.000010
0.000010 0.000010 0.000010 0.000010 0.954298 0.000010 0.045652
0.000010 0.009190 0.000010 0.000010 0.932220 0.032194 0.026367
0.081637 0.000010 0.000010 0.030975 0.887347 0.000010 0.000010
0.000010 0.000010 0.000010 0.000010 0.977340 0.000010 0.022610
0.022238 0.000010 0.000010 0.000010 0.977712 0.000010 0.000010
0.053467 0.000010 0.009773 0.000010 0.936721 0.000010 0.000010
0.002937 0.000010 0.001064 0.020952 0.923346 0.000010 0.051680
0.036530 0.000010 0.012609 0.015447 0.902565 0.032829 0.000010
0.000010 0.000010 0.000010 0.000010 0.999940 0.000010 0.000010
0.000010 0.000010 0.000010 0.000010 0.999940 0.000010 0.000010
0.000010 0.000010 0.000010 0.000010 0.999940 0.000010 0.000010
0.058335 0.000010 0.000010 0.000010 0.941615 0.000010 0.000010
0.000010 0.000010 0.000010 0.000010 0.972189 0.000010 0.027761
0.000010 0.000010 0.000010 0.000010 0.999940 0.000010 0.000010
0.000010 0.000010 0.000010 0.000010 0.999940 0.000010 0.000010
0.009139 0.000010 0.000010 0.000010 0.990811 0.000010 0.000010
0.000010 0.000010 0.000010 0.000010 0.943344 0.000010 0.056606
0.000010 0.000010 0.000010 0.000010 0.999940 0.000010 0.000010
0.000010 0.000010 0.000010 0.000010 0.999940 0.000010 0.000010
0.000010 0.000010 0.000010 0.000010 0.948158 0.048113 0.003689
0.070988 0.000010 0.000010 0.000010 0.922905 0.000010 0.006067
0.000010 0.000010 0.000010 0.000010 0.999940 0.000010 0.000010
0.000010 0.000010 0.000010 0.000010 0.932756 0.031349 0.035855
0.026712 0.000010 0.000010 0.000010 0.973238 0.000010 0.000010
0.000010 0.000010 0.000010 0.000010 0.999940 0.000010 0.000010
0.000010 0.000010 0.000010 0.000010 0.999940 0.000010 0.000010
0.000010 0.000010 0.000010 0.021370 0.978580 0.000010 0.000010
0.000010 0.000010 0.000010 0.000010 0.999940 0.000010 0.000010
0.000010 0.000010 0.000010 0.000010 0.997679 0.000010 0.002271
0.008692 0.000010 0.000010 0.000010 0.908045 0.019997 0.063237
0.000010 0.000010 0.000010 0.000010 0.999940 0.000010 0.000010
0.054142 0.000010 0.000010 0.000010 0.918050 0.000010 0.027768
0.000010 0.000010 0.000010 0.000010 0.999940 0.000010 0.000010
0.000010 0.000010 0.000010 0.000010 0.999940 0.000010 0.000010
0.012370 0.000010 0.000010 0.000010 0.987580 0.000010 0.000010
0.000010 0.000010 0.000010 0.000010 0.960238 0.000010 0.039712
0.000010 0.000010 0.000010 0.000010 0.999940 0.000010 0.000010
0.000010 0.000010 0.000010 0.000010 0.974564 0.025386 0.000010
