0.000010 0.000010 0.000010 0.000010 0.000010 0.000010 0.000010 0.000010 0.000010 0.000010 0.000010 0.999880 0.000010
0.000010 0.004907 0.000010 0.000010 0.101861 0.000010 0.000010 0.016642 0.000010 0.260043 0.000010 0.579521 0.036956
0.000010 0.103644 0.000010 0.000010 0.272086 0.000010 0.000010 0.000010 0.000010 0.317044 0.000010 0.307136 0.000010
0.000010 0.000010 0.000010 0.000010 0.000010 0.000010 0.000010 0.000010 0.000010 0.000010 0.000010 0.999880 0.000010
0.000010 0.030890 0.000010 0.000010 0.297634 0.021780 0.000010 0.000010 0.000010 0.088837 0.000010 0.560779 0.000010
0.062173 0.107050 0.000010 0.000010 0.078339 0.000010 0.000010 0.000010 0.000010 0.464253 0.013658 0.274456 0.000010
0.068968 0.000010 0.000010 0.000010 0.083019 0.000010 0.000010 0.000010 0.000010 0.376871 0.028555 0.332326 0.110192
0.023020 0.069022 0.000010 0.000010 0.117501 0.000010 0.041233 0.000010 0.000010 0.150587 0.000010 0.598566 0.000010
0.072640 0.000010 0.000010 0.000010 0.025998 0.000010 0.000010 0.000010 0.000010 0.364924 0.001323 0.535035 0.000010
0.000010 0.000010 0.000010 0.000010 0.000010 0.000010 0.000010 0.000010 0.000010 0.331125 0.000010 0.429659 0.239116
0.023849 0.018588 0.000010 0.000010 0.135088 0.000010 0.022261 0.000010 0.000010 0.265918 0.000010 0.467229 0.067008
0.000010 0.055009 0.000010 0.000010 0.186367 0.000010 0.032303 0.000010 0.000010 0.208051 0.000010 0.518190 0.000010
0.000010 0.096911 0.000010 0.000010 0.000010 0.000010 0.000010 0.000010 0.000010 0.462872 0.003992 0.436135 0.000010
0.000010 0.000010 0.000010 0.000010 0.000010 0.000010 0.000010 0.000010 0.000010 0.617870 0.000010 0.382020 0.000010
0.000010 0.000010 0.000010 0.000010 0.000010 0.000010 0.000010 0.000010 0.000010 0.999880 0.000010 0.000010 0.000010
0.000010 0.000010 0.000010 0.000010 0.000010 0.000010 0.000010 0.000010 0.000010 0.000010 0.000010 0.999880 0.000010
0.000010 0.000010 0.000010 0.000010 0.000010 0.000010 0.000010 0.000010 0.000010 0.000010 0.000010 0.999880 0.000010
0.000010 0.000010 0.000010 0.000010 0.000010 0.005062 0.000010 0.000010 0.000010 0.520271 0.000010 0.474566 0.000010
0.000010 0.000010 0.000010 0.000010 0.000010 0.000010 0.000010 0.000010 0.000010 0.766677 0.000010 0.000010 0.233213
0.000010 0.000010 0.000010 0.000010 0.156508 0.000010 0.020806 0.000010 0.000010 0.444233 0.000010 0.376944 0.001428
0.000010 0.000010 0.000010 0.000010 0.000010 0.000010 0.000010 0.000010 0.000010 0.999880 0.000010 0.000010 0.000010
0.000010 0.131933 0.000010 0.000010 0.000010 0.037188 0.000010 0.065409 0.000010 0.489654 0.000010 0.275736 0.000010
0.000010 0.000010 0.000010 0.000010 0.000010 0.000010 0.000010 0.000010 0.000010 0.580428 0.011550 0.323046 0.084886
0.000010 0.000010 0.000010 0.000010 0.000010 0.000010 0.000010 0.000010 0.000010 0.441017 0.000010 0.300045 0.258838
0.000010 0.000010 0.000010 0.000010 0.000010 0.000010 0.000010 0.000010 0.000010 0.999880 0.000010 0.000010 0.000010
0.000010 0.000010 0.000010 0.000010 0.000010 0.000010 0.000010 0.000010 0.000010 0.999880 0.000010 0.000010 0.000010
0.000010 0.000010 0.000010 0.000010 0.000765 0.000010 0.000010 0.000010 0.000010 0.532698 0.151096 0.288114 0.027247
0.000010 0.001136 0.000010 0.000010 0.138314 0.029126 0.000010 0.000010 0.000010 0.377139 0.000010 0.454204 0.000010
0.000010 0.042462 0.000010 0.000010 0.110071 0.036235 0.000010 0.000010 0.000010 0.385653 0.000010 0.425499 0.000010
0.000010 0.009318 0.000010 0.000010 0.140010 0.028102 0.000010 0.000010 0.000010 0.249547 0.000010 0.501850 0.071104
0.000010 0.000010 0.000010 0.000010 0.000010 0.000010 0.000010 0.000010 0.000010 0.999880 0.000010 0.000010 0.000010
0.000010 0.000010 0.000010 0.000010 0.148878 0.000010 0.000010 0.000010 0.000010 0.000010 0.061727 0.789294 0.000010
0.000010 0.000010 0.000010 0.000010 0.000010 0.000010 0.000010 0.000010 0.000010 0.000010 0.000010 0.999880 0.000010
0.000010 0.000010 0.000010 0.000010 0.000010 0.000010 0.000010 0.000010 0.000010 0.000010 0.000010 0.999880 0.000010
0.006118 0.084739 0.000010 0.000010 0.118201 0.000010 0.000010 0.050736 0.000010 0.203051 0.036851 0.500245 0.000010
0.000010 0.752860 0.000010 0.000010 0.017715 0.008571 0.000010 0.000010 0.000010 0.140485 0.000010 0.000010 0.080289
0.000010 0.700364 0.000010 0.000010 0.094729 0.068672 0.000010 0.000010 0.000010 0.000010 0.000010 0.136145 0.000010
0.065541 0.745835 0.000010 0.000010 0.000010 0.000010 0.000010 0.000010 0.000010 0.000010 0.000010 0.159830 0.028705
0.000010 0.746371 0.000010 0.000010 0.109496 0.000010 0.012975 0.000010 0.000010 0.000010 0.000010 0.131068 0.000010
0.000010 0.667208 0.000010 0.000010 0.000010 0.000010 0.000010 0.000010 0.000010 0.000010 0.000010 0.122868 0.209824
0.000010 0.622938 0.003797 0.000010 0.000010 0.000512 0.000010 0.027621 0.000010 0.000010 0.000010 0.264021 0.081042
0.000010 0.717529 0.000010 0.000010 0.088129 0.000010 0.000010 0.000010 0.000010 0.194243 0.000010 0.000010 0.000010
0.000010 0.629851 0.000010 0.000010 0.000010 0.013702 0.000010 0.000010 0.000010 0.356347 0.000010 0.000010 0.000010
0.000010 0.707004 0.000010 0.000010 0.000010 0.000010 0.044385 0.000010 0.000010 0.000010 0.000010 0.248511 0.000010
0.000010 0.777157 0.000010 0.000010 0.027816 0.002342 0.000010 0.000010 0.000010 0.000010 0.000010 0.157596 0.035008
0.008655 0.633247 0.000010 0.000010 0.000010 0.000010 0.000010 0.000010 0.000010 0.294317 0.063691 0.000010 0.000010
0.021095 0.717894 0.000010 0.000010 0.006908 0.000010 0.030397 0.000010 0.000010 0.223625 0.000010 0.000010 0.000010
0.000010 0.703574 0.000010 0.000010 0.127120 0.012898 0.000010 0.051215 0.000010 0.099372 0.000010 0.005751 0.000010
0.000010 0.734465 0.000010 0.000010 0.130993 0.057514 0.000010 0.039172 0.000010 0.000010 0.000010 0.037775 0.000010
0.000010 0.699830 0.000010 0.000010 0.000010 0.000010 0.000010 0.000010 0.000010 0.300060 0.000010 0.000010 0.000010
0.000010 0.769636 0.000010 0.000010 0.000010 0.000010 0.000010 0.000010 0.000010 0.000010 0.027604 0.000010 0.202660
0.000010 0.781111 0.000010 0.000010 0.083137 0.017976 0.000010 0.000010 0.000010 0.117687 0.000010 0.000010 0.000010
0.000010 0.729503 0.000010 0.000010 0.035308 0.030737 0.049017 0.006569 0.000010 0.082988 0.000010 0.000010 0.065818
0.000010 0.604468 0.000010 0.000010 0.040132 0.077557 0.000010 0.016247 0.000010 0.261515 0.000010 0.000010 0.000010
0.000010 0.789983 0.000010 0.000010 0.000010 0.040234 0.005116 0.000010 0.000010 0.136116 0.000010 0.000010 0.028471
0.026148 0.774878 0.000010 0.000010 0.171349 0.000010 0.027536 0.000010 0.000010 0.000010 0.000010 0.000010 0.000010
0.000010 0.680771 0.000010 0.000010 0.056190 0.006568 0.000010 0.061704 0.000010 0.000010 0.000010 0.194687 0.000010
0.111306 0.677792 0.000010 0.000010 0.000010 0.000010 0.000010 0.000010 0.000010 0.000010 0.028190 0.000010 0.182621
0.020382 0.668170 0.000010 0.000010 0.134560 0.050899 0.032075 0.000010 0.000010 0.000010 0.000010 0.093845 0.000010
0.069226 0.730787 0.000010 0.000010 0.000010 0.000010 0.005026 0.055186 0.000010 0.000010 0.000530 0.139176 0.000010
0.136323 0.632417 0.000010 0.000010 0.051383 0.031049 0.000010 0.000010 0.000010 0.000010 0.000010 0.148748 0.000010
0.103394 0.809774 0.000010 0.000010 0.086732 0.000010 0.000010 0.000010 0.000010 0.000010 0.000010 0.000010 0.000010
0.000010 0.725883 0.000010 0.000010 0.019445 0.134224 0.024959 0.082036 0.000010 0.000010 0.000010 0.013383 0.000010
0.102549 0.720354 0.000010 0.000010 0.000010 0.000010 0.050614 0.031479 0.000010 0.000010 0.000010 0.094925 0.000010
0.071112 0.607607 0.000010 0.000010 0.007195 0.000010 0.000010 0.049771 0.000010 0.057333 0.000010 0.206912 0.000010
0.139034 0.766301 0.000010 0.000010 0.034027 0.000010 0.000010 0.024277 0.000010 0.036280 0.000010 0.000010 0.000010
0.106751 0.713248 0.000010 0.000010 0.000010 0.000010 0.000010 0.064295 0.000010 0.000010 0.000017 0.115610 0.000010
0.089496 0.777989 0.000010 0.000010 0.000010 0.000010 0.033076 0.047026 0.000010 0.000010 0.000010 0.052332 0.000010
0.102091 0.732570 0.000010 0.000010 0.000010 0.000010 0.019326 0.000010 0.000010 0.000010 0.145923 0.000010 0.000010
0.000010 0.807610 0.000010 0.000010 0.075471 0.047822 0.000010 0.000010 0.000010 0.000010 0.069006 0.000010 0.000010
0.000010 0.791310 0.000010 0.000010 0.118074 0.024146 0.000010 0.064164 0.000010 0.000010 0.002227 0.000010 0.000010
0.000010 0.716882 0.000010 0.000010 0.000010 0.059936 0.000010 0.000010 0.000010 0.000010 0.000010 0.223082 0.000010
0.024261 0.708644 0.000010 0.000010 0.000010 0.000010 0.000010 0.000010 0.000010 0.000010 0.113645 0.000010 0.153359
0.030032 0.590909 0.000010 0.000010 0.000010 0.000010 0.000010 0.070797 0.000010 0.083195 0.060714 0.164282 0.000010
0.086055 0.666073 0.000010 0.000010 0.000010 0.000010 0.039873 0.001039 0.000010 0.103740 0.000010 0.103150 0.000010
0.095257 0.685803 0.000010 0.006929 0.114404 0.000010 0.013037 0.084500 0.000010 0.000010 0.000010 0.000010 0.000010
0.000010 0.788305 0.000010 0.000010 0.000713 0.078909 0.000010 0.000010 0.000010 0.000010 0.079309 0.052683 0.000010
0.117822 0.775219 0.000010 0.000010 0.081367 0.000010 0.000010 0.000010 0.000010 0.000010 0.025502 0.000010 0.000010
0.050936 0.683350 0.000010 0.000010 0.083860 0.000010 0.000010 0.005869 0.000010 0.000010 0.000010 0.175906 0.000010
0.116116 0.560715 0.000010 0.000010 0.000010 0.000010 0.007715 0.000010 0.000010 0.154529 0.073288 0.000010 0.087567
0.087059 0.724042 0.000010 0.000010 0.005713 0.000010 0.003284 0.000010 0.000010 0.000010 0.119122 0.023863 0.036856
0.375278 0.043729 0.000010 0.000010 0.000010 0.547277 0.000010 0.000010 0.000010 0.000010 0.000010 0.033626 0.000010
0.556217 0.000010 0.000010 0.000010 0.044633 0.391783 0.000010 0.007278 0.000010 0.000010 0.000010 0.000010 0.000010
0.000010 0.000010 0.000010 0.000010 0.000010 0.999880 0.000010 0.000010 0.000010 0.000010 0.000010 0.000010 0.000010
0.360623 0.000010 0.000010 0.000010 0.000010 0.610143 0.000010 0.000010 0.000010 0.029134 0.000010 0.000010 0.000010
0.000010 0.000010 0.000010 0.000010 0.000010 0.999880 0.000010 0.000010 0.000010 0.000010 0.000010 0.000010 0.000010
0.321177 0.000010 0.000010 0.000010 0.000010 0.548638 0.061456 0.032916 0.000010 0.035733 0.000010 0.000010 0.000010
0.383636 0.000010 0.000010 0.000010 0.000010 0.527793 0.000010 0.080365 0.008116 0.000010 0.000010 0.000010 0.000010
0.000010 0.000010 0.000010 0.000010 0.000010 0.800341 0.000010 0.000010 0.000010 0.000010 0.199549 0.000010 0.000010
0.584542 0.000010 0.000010 0.000010 0.000010 0.306665 0.000010 0.013155 0.000010 0.000010 0.000010 0.095549 0.000010
0.455498 0.000010 0.000010 0.000010 0.000010 0.467892 0.000010 0.000010 0.000010 0.000010 0.030832 0.045688 0.000010
0.402638 0.000010 0.000010 0.000010 0.000010 0.464945 0.032837 0.048278 0.000010 0.051221 0.000010 0.000010 0.000010
0.498282 0.000010 0.000010 0.000010 0.020363 0.414388 0.000010 0.019473 0.000010 0.000010 0.000010 0.047415 0.000010
0.999880 0.000010 0.000010 0.000010 0.000010 0.000010 0.000010 0.000010 0.000010 0.000010 0.000010 0.000010 0.000010
0.431100 0.000010 0.000010 0.000010 0.000010 0.444782 0.000010 0.000010 0.000010 0.000010 0.124018 0.000010 0.000010
0.000010 0.000010 0.000010 0.000010 0.000010 0.999880 0.000010 0.000010 0.000010 0.000010 0.000010 0.000010 0.000010
0.999880 0.000010 0.000010 0.000010 0.000010 0.000010 0.000010 0.000010 0.000010 0.000010 0.000010 0.000010 0.000010
0.999880 0.000010 0.000010 0.000010 0.000010 0.000010 0.000010 0.000010 0.000010 0.000010 0.000010 0.000010 0.000010
0.999880 0.000010 0.000010 0.000010 0.000010 0.000010 0.000010 0.000010 0.000010 0.000010 0.000010 0.000010 0.000010
0.999880 0.000010 0.000010 0.000010 0.000010 0.000010 0.000010 0.000010 0.000010 0.000010 0.000010 0.000010 0.000010
0.386514 0.000010 0.000010 0.000010 0.000010 0.578897 0.000010 0.000010 0.000010 0.034489 0.000010 0.000010 0.000010
0.999880 0.000010 0.000010 0.000010 0.000010 0.000010 0.000010 0.000010 0.000010 0.000010 0.000010 0.000010 0.000010
0.641587 0.000010 0.000010 0.000010 0.000010 0.261050 0.032155 0.000010 0.000010 0.000010 0.000010 0.065118 0.000010
0.661581 0.000010 0.000010 0.000010 0.000010 0.338309 0.000010 0.000010 0.000010 0.000010 0.000010 0.000010 0.000010
0.483200 0.002580 0.000010 0.000010 0.000010 0.384271 0.000010 0.069333 0.000010 0.000010 0.003994 0.056551 0.000010
0.524434 0.000010 0.000010 0.000010 0.000010 0.475456 0.000010 0.000010 0.000010 0.000010 0.000010 0.000010 0.000010
0.370882 0.020845 0.002067 0.000010 0.000010 0.542975 0.036765 0.019139 0.004381 0.002897 0.000010 0.000010 0.000010
0.602300 0.000010 0.000010 0.000010 0.000010 0.397590 0.000010 0.000010 0.000010 0.000010 0.000010 0.000010 0.000010
0.000010 0.000010 0.000010 0.000010 0.000010 0.999880 0.000010 0.000010 0.000010 0.000010 0.000010 0.000010 0.000010
0.253138 0.000010 0.000010 0.000010 0.000010 0.592160 0.000010 0.000010 0.000010 0.000010 0.144423 0.000010 0.010189
0.410261 0.000010 0.005840 0.006719 0.000010 0.527776 0.000010 0.049324 0.000010 0.000010 0.000010 0.000010 0.000010
0.430267 0.000010 0.000010 0.000010 0.000010 0.568333 0.000010 0.000010 0.000010 0.001300 0.000010 0.000010 0.000010
0.471394 0.028982 0.000010 0.000010 0.000010 0.409503 0.061203 0.028838 0.000010 0.000010 0.000010 0.000010 0.000010
0.392420 0.000010 0.000010 0.000010 0.000010 0.525899 0.011812 0.067141 0.000010 0.002649 0.000010 0.000010 0.000010
0.374712 0.000010 0.000468 0.000010 0.000010 0.529696 0.000010 0.046433 0.000010 0.000010 0.048611 0.000010 0.000010
0.523331 0.000010 0.000010 0.000010 0.000010 0.311603 0.000010 0.000010 0.000010 0.000010 0.164966 0.000010 0.000010
0.499426 0.000010 0.000010 0.000010 0.000010 0.498714 0.001760 0.000010 0.000010 0.000010 0.000010 0.000010 0.000010
0.000010 0.000010 0.000010 0.000010 0.000010 0.999880 0.000010 0.000010 0.000010 0.000010 0.000010 0.000010 0.000010
0.451663 0.010198 0.000010 0.000010 0.052607 0.461588 0.009677 0.014197 0.000010 0.000010 0.000010 0.000010 0.000010
0.439005 0.000010 0.000010 0.000010 0.000010 0.560885 0.000010 0.000010 0.000010 0.000010 0.000010 0.000010 0.000010
0.331363 0.000010 0.000010 0.000010 0.000010 0.600272 0.000010 0.068265 0.000010 0.000010 0.000010 0.000010 0.000010
0.267042 0.000010 0.000010 0.000010 0.000010 0.642060 0.000010 0.054720 0.000010 0.000010 0.000010 0.036087 0.000010
0.437532 0.000010 0.000010 0.000010 0.057369 0.492781 0.012229 0.000010 0.000010 0.000010 0.000010 0.000010 0.000010
0.370765 0.000010 0.000010 0.000010 0.000010 0.534252 0.000010 0.049759 0.000010 0.045134 0.000010 0.000010 0.000010
0.507170 0.009254 0.000010 0.000010 0.000010 0.409648 0.022644 0.000010 0.000010 0.035664 0.015551 0.000010 0.000010
0.000010 0.000010 0.000010 0.000010 0.000010 0.865931 0.000010 0.000010 0.000010 0.000010 0.133959 0.000010 0.000010
0.290389 0.000010 0.000010 0.000010 0.000010 0.558029 0.000010 0.000010 0.000010 0.000010 0.109776 0.000010 0.041716
0.358756 0.000010 0.000010 0.000010 0.000010 0.641134 0.000010 0.000010 0.000010 0.000010 0.000010 0.000010 0.000010
0.515125 0.000010 0.000010 0.000010 0.000010 0.442753 0.024892 0.000010 0.000010 0.000010 0.000010 0.017141 0.000010
0.000010 0.000010 0.000010 0.000010 0.000010 0.872294 0.000010 0.000010 0.000010 0.000010 0.127596 0.000010 0.000010
0.381161 0.000010 0.000010 0.000010 0.000010 0.614562 0.000010 0.000010 0.000010 0.004176 0.000010 0.000010 0.000010
0.258630 0.000010 0.000010 0.000010 0.000010 0.565256 0.045877 0.000010 0.000010 0.000010 0.098108 0.000010 0.032050
0.518405 0.000010 0.000010 0.000010 0.032370 0.407137 0.000010 0.005283 0.000010 0.000010 0.000010 0.036725 0.000010
0.999880 0.000010 0.000010 0.000010 0.000010 0.000010 0.000010 0.000010 0.000010 0.000010 0.000010 0.000010 0.000010
0.332330 0.000010 0.000010 0.000010 0.000010 0.578302 0.025851 0.063427 0.000010 0.000010 0.000010 0.000010 0.000010
0.999880 0.000010 0.000010 0.000010 0.000010 0.000010 0.000010 0.000010 0.000010 0.000010 0.000010 0.000010 0.000010
0.483793 0.000010 0.000010 0.000010 0.000010 0.370676 0.024217 0.000010 0.000010 0.000010 0.107443 0.000010 0.013790
0.453848 0.031378 0.000010 0.000010 0.000010 0.514674 0.000010 0.000010 0.000010 0.000010 0.000010 0.000010 0.000010
0.000010 0.000010 0.000010 0.000010 0.000010 0.999880 0.000010 0.000010 0.000010 0.000010 0.000010 0.000010 0.000010
0.247329 0.000010 0.000010 0.000010 0.024422 0.675659 0.052500 0.000010 0.000010 0.000010 0.000010 0.000010 0.000010
0.999880 0.000010 0.000010 0.000010 0.000010 0.000010 0.000010 0.000010 0.000010 0.000010 0.000010 0.000010 0.000010
0.000010 0.000010 0.000010 0.000010 0.000010 0.999880 0.000010 0.000010 0.000010 0.000010 0.000010 0.000010 0.000010
0.424168 0.000010 0.000010 0.000010 0.000010 0.465879 0.000010 0.000010 0.000010 0.000010 0.033567 0.000010 0.076296
0.392659 0.000010 0.000010 0.000010 0.000010 0.461032 0.000010 0.000010 0.000010 0.000010 0.062217 0.000010 0.084002
0.354530 0.000010 0.000010 0.000010 0.061470 0.583900 0.000010 0.000010 0.000010 0.000010 0.000010 0.000010 0.000010
0.578707 0.026416 0.000010 0.000010 0.000010 0.287546 0.000010 0.000010 0.000010 0.000010 0.107241 0.000010 0.000010
0.384949 0.000010 0.000010 0.000010 0.000010 0.478683 0.000010 0.000010 0.000010 0.000010 0.064648 0.000010 0.071630
0.442734 0.000010 0.000010 0.000010 0.000010 0.397289 0.000010 0.000010 0.000010 0.000010 0.130477 0.000010 0.029410
0.347053 0.000010 0.000010 0.000010 0.081353 0.525408 0.000010 0.000010 0.000010 0.000010 0.046096 0.000010 0.000010
0.322980 0.000010 0.000010 0.000010 0.000229 0.551215 0.000010 0.042648 0.000010 0.044614 0.038244 0.000010 0.000010
0.000010 0.000010 0.000010 0.000010 0.000010 0.000010 0.000010 0.000010 0.000010 0.000010 0.000010 0.000010 0.999880
0.000010 0.000010 0.000010 0.000010 0.999880 0.000010 0.000010 0.000010 0.000010 0.000010 0.000010 0.000010 0.000010
0.000010 0.000010 0.000010 0.000010 0.999880 0.000010 0.000010 0.000010 0.000010 0.000010 0.000010 0.000010 0.000010
0.000010 0.000010 0.000010 0.000010 0.636356 0.000010 0.019525 0.058566 0.000010 0.000010 0.000010 0.000010 0.285463
0.039909 0.012815 0.000010 0.000010 0.702732 0.000010 0.000010 0.029668 0.000010 0.098642 0.000010 0.000010 0.116164
0.037866 0.086167 0.000010 0.000010 0.350985 0.000010 0.007334 0.074581 0.000010 0.000010 0.025755 0.000010 0.417253
0.050687 0.000353 0.000010 0.000010 0.611838 0.000010 0.000010 0.092833 0.000010 0.000010 0.000010 0.060368 0.183851
0.000010 0.000010 0.000010 0.000010 0.999880 0.000010 0.000010 0.000010 0.000010 0.000010 0.000010 0.000010 0.000010
0.000010 0.031208 0.000010 0.000010 0.530804 0.000010 0.000010 0.000010 0.000010 0.000010 0.144606 0.048683 0.244619
0.063028 0.002914 0.000010 0.000010 0.477278 0.000010 0.000010 0.016300 0.000010 0.000010 0.000010 0.214327 0.226083
0.000010 0.000010 0.000010 0.000010 0.000010 0.000010 0.000010 0.000010 0.000010 0.000010 0.000010 0.000010 0.999880
0.000010 0.000010 0.000010 0.000010 0.617775 0.000010 0.029139 0.000010 0.000010 0.000010 0.000010 0.000010 0.352985
0.000010 0.000010 0.000010 0.000010 0.000010 0.000010 0.000010 0.000010 0.000010 0.000010 0.000010 0.000010 0.999880
0.000010 0.000010 0.000010 0.000010 0.000010 0.000010 0.000010 0.000010 0.000010 0.000010 0.000010 0.000010 0.999880
0.000010 0.000010 0.000010 0.000010 0.000010 0.000010 0.000010 0.000010 0.000010 0.000010 0.000010 0.000010 0.999880
0.000010 0.005490 0.000010 0.000010 0.596685 0.000010 0.000010 0.000010 0.000010 0.000010 0.000010 0.000010 0.397725
0.000010 0.037292 0.000010 0.000010 0.450622 0.000010 0.000010 0.106007 0.000010 0.000010 0.000010 0.092815 0.313184
0.000010 0.000010 0.000010 0.000010 0.439344 0.000010 0.000010 0.000010 0.000010 0.070676 0.068536 0.000010 0.421354
0.000010 0.000010 0.000010 0.000010 0.999880 0.000010 0.000010 0.000010 0.000010 0.000010 0.000010 0.000010 0.000010
0.000010 0.000010 0.000010 0.000010 0.550266 0.000010 0.000010 0.123273 0.000010 0.000010 0.000010 0.073836 0.252535
0.000010 0.000010 0.000010 0.000010 0.433764 0.000010 0.103223 0.079253 0.000010 0.000010 0.000010 0.097155 0.286525
0.000010 0.000010 0.000010 0.000010 0.613074 0.000010 0.000010 0.000010 0.000010 0.000010 0.000010 0.000010 0.386816
0.004689 0.000010 0.000010 0.000010 0.638943 0.000010 0.000010 0.000010 0.000010 0.000010 0.000010 0.164269 0.192009
0.000010 0.000010 0.000010 0.000010 0.999880 0.000010 0.000010 0.000010 0.000010 0.000010 0.000010 0.000010 0.000010
0.000010 0.000010 0.000010 0.000010 0.902583 0.097307 0.000010 0.000010 0.000010 0.000010 0.000010 0.000010 0.000010
0.000010 0.086015 0.000010 0.000010 0.560854 0.072459 0.000010 0.000010 0.000010 0.145900 0.000010 0.000010 0.134691
0.000010 0.035449 0.000010 0.000010 0.355394 0.000010 0.000010 0.000010 0.000010 0.162678 0.122855 0.000010 0.323545
0.000010 0.000010 0.000010 0.000010 0.396065 0.000010 0.000010 0.000010 0.000010 0.206829 0.247736 0.000010 0.149279
0.000010 0.000010 0.000010 0.000010 0.594641 0.000010 0.000010 0.000010 0.000010 0.000010 0.128114 0.000010 0.277145
0.000010 0.009683 0.000010 0.000010 0.774993 0.000010 0.000010 0.000010 0.000010 0.100874 0.114360 0.000010 0.000010
0.000010 0.057000 0.000010 0.000010 0.685331 0.000010 0.052596 0.000010 0.000010 0.000010 0.000010 0.204983 0.000010
0.000010 0.000010 0.000010 0.000010 0.999880 0.000010 0.000010 0.000010 0.000010 0.000010 0.000010 0.000010 0.000010
0.000010 0.000010 0.000010 0.000010 0.999880 0.000010 0.000010 0.000010 0.000010 0.000010 0.000010 0.000010 0.000010
0.000010 0.000010 0.000010 0.000010 0.999880 0.000010 0.000010 0.000010 0.000010 0.000010 0.000010 0.000010 0.000010
0.000010 0.000010 0.000010 0.000010 0.999880 0.000010 0.000010 0.000010 0.000010 0.000010 0.000010 0.000010 0.000010
0.000010 0.000010 0.000010 0.000010 0.000010 0.000010 0.999880 0.000010 0.000010 0.000010 0.000010 0.000010 0.000010
0.000010 0.000010 0.000010 0.000010 0.000010 0.000010 0.962446 0.000010 0.002930 0.034524 0.000010 0.000010 0.000010
0.000010 0.000010 0.000010 0.000010 0.000010 0.000010 0.999880 0.000010 0.000010 0.000010 0.000010 0.000010 0.000010
0.000010 0.000010 0.000010 0.000010 0.000010 0.000010 0.955354 0.044536 0.000010 0.000010 0.000010 0.000010 0.000010
0.000010 0.016333 0.000010 0.000010 0.000010 0.024268 0.811647 0.000010 0.000010 0.000010 0.147662 0.000010 0.000010
0.000010 0.000010 0.000010 0.000010 0.000010 0.000010 0.846647 0.153243 0.000010 0.000010 0.000010 0.000010 0.000010
0.000010 0.000010 0.000010 0.000010 0.000010 0.048093 0.791419 0.160389 0.000010 0.000010 0.000010 0.000010 0.000010
0.000010 0.000010 0.000010 0.000010 0.000010 0.000010 0.923394 0.000010 0.000010 0.000010 0.076496 0.000010 0.000010
0.000010 0.000010 0.000010 0.000010 0.000010 0.000010 0.915407 0.000010 0.000010 0.000010 0.000010 0.000010 0.084483
0.000010 0.000010 0.000010 0.000010 0.000010 0.000010 0.843970 0.000010 0.000010 0.000010 0.155920 0.000010 0.000010
0.000010 0.000010 0.000010 0.000010 0.000010 0.031190 0.968700 0.000010 0.000010 0.000010 0.000010 0.000010 0.000010
0.000010 0.000010 0.000010 0.000010 0.000010 0.000010 0.888440 0.000010 0.000010 0.000010 0.000010 0.000010 0.111450
0.000010 0.000010 0.000010 0.000010 0.000010 0.000010 0.821541 0.000010 0.000010 0.000010 0.178349 0.000010 0.000010
0.000010 0.000010 0.000010 0.000010 0.000010 0.000010 0.999880 0.000010 0.000010 0.000010 0.000010 0.000010 0.000010
0.000010 0.000010 0.000010 0.000010 0.000010 0.000010 0.999880 0.000010 0.000010 0.000010 0.000010 0.000010 0.000010
0.000017 0.000010 0.000010 0.000010 0.000010 0.033828 0.966056 0.000010 0.000010 0.000010 0.000010 0.000010 0.000010
0.000010 0.000010 0.000010 0.000010 0.000010 0.000010 0.999880 0.000010 0.000010 0.000010 0.000010 0.000010 0.000010
0.000010 0.000010 0.000010 0.000010 0.000010 0.001792 0.896142 0.005251 0.000010 0.000010 0.000010 0.000010 0.096725
0.000010 0.000010 0.000010 0.000010 0.000010 0.000010 0.881753 0.000010 0.000010 0.000010 0.118137 0.000010 0.000010
0.000010 0.000010 0.000010 0.000010 0.000010 0.000010 0.890222 0.109668 0.000010 0.000010 0.000010 0.000010 0.000010
0.000010 0.000010 0.000010 0.000010 0.000010 0.000010 0.814939 0.000010 0.000010 0.000010 0.184951 0.000010 0.000010
0.000010 0.000010 0.000010 0.000010 0.000010 0.000010 0.906614 0.000010 0.000010 0.000010 0.000010 0.000010 0.093276
0.000010 0.000010 0.000010 0.000010 0.000010 0.000010 0.760209 0.000010 0.000010 0.000010 0.239681 0.000010 0.000010
0.000010 0.000010 0.000010 0.000010 0.000010 0.060244 0.894043 0.022514 0.000010 0.023110 0.000010 0.000010 0.000010
0.000010 0.000010 0.000010 0.000010 0.000010 0.012601 0.765366 0.000010 0.000010 0.000010 0.221933 0.000010 0.000010
0.110520 0.000010 0.000010 0.000010 0.000010 0.000010 0.889370 0.000010 0.000010 0.000010 0.000010 0.000010 0.000010
0.000010 0.000010 0.000010 0.000010 0.073998 0.000010 0.840762 0.085141 0.000010 0.000010 0.000010 0.000010 0.000010
0.000010 0.000010 0.000010 0.000010 0.000010 0.000010 0.838426 0.000010 0.000010 0.000010 0.000010 0.000010 0.161464
0.067153 0.000010 0.000010 0.000010 0.000010 0.000010 0.932737 0.000010 0.000010 0.000010 0.000010 0.000010 0.000010
0.000010 0.000010 0.000010 0.000010 0.000010 0.000010 0.841793 0.000010 0.000010 0.000010 0.158097 0.000010 0.000010
0.000010 0.000010 0.000010 0.000010 0.000010 0.000010 0.721879 0.000010 0.000010 0.000010 0.278011 0.000010 0.000010
0.000010 0.000010 0.000010 0.000010 0.000010 0.000010 0.999880 0.000010 0.000010 0.000010 0.000010 0.000010 0.000010
0.000010 0.000010 0.000010 0.000010 0.000010 0.040044 0.000010 0.032344 0.000010 0.314076 0.000010 0.527836 0.085621
0.000010 0.649942 0.000010 0.000010 0.073725 0.000010 0.000010 0.046566 0.000010 0.229677 0.000010 0.000010 0.000010
0.007282 0.804999 0.000010 0.000010 0.054517 0.000010 0.000010 0.000010 0.000010 0.133113 0.000010 0.000010 0.000010
0.000010 0.653019 0.000010 0.000010 0.000010 0.000010 0.068927 0.000010 0.000010 0.000010 0.000010 0.277954 0.000010
0.000010 0.602446 0.000010 0.000010 0.001616 0.000010 0.000010 0.000010 0.000010 0.300171 0.000010 0.000010 0.095677
0.000010 0.471054 0.000010 0.000010 0.000010 0.000010 0.000010 0.000010 0.000010 0.401155 0.055426 0.000010 0.072276
0.000010 0.000010 0.000010 0.000010 0.000010 0.000010 0.000010 0.000010 0.000010 0.000010 0.000010 0.999880 0.000010
0.029853 0.627831 0.000010 0.000010 0.000010 0.007704 0.000010 0.044368 0.000010 0.216388 0.000010 0.000010 0.073786
0.006644 0.723912 0.000010 0.000010 0.196570 0.000010 0.000010 0.012976 0.000010 0.000010 0.000010 0.030212 0.029616
0.042931 0.569818 0.000010 0.000010 0.000010 0.000010 0.000010 0.000010 0.000010 0.000010 0.000010 0.211514 0.175646
0.000010 0.685550 0.000010 0.000010 0.000010 0.000010 0.000010 0.000010 0.000010 0.246801 0.000010 0.000010 0.067549
0.030468 0.620757 0.000010 0.000010 0.000010 0.000010 0.047769 0.000010 0.000010 0.000010 0.000010 0.288055 0.012871
0.000010 0.576540 0.000010 0.000010 0.000010 0.006259 0.000010 0.000010 0.000010 0.000010 0.075528 0.000010 0.341583
0.031437 0.595881 0.000010 0.000010 0.053273 0.000010 0.011559 0.000010 0.000010 0.170789 0.009980 0.127023 0.000010
0.002435 0.704911 0.000010 0.000010 0.000010 0.000010 0.002211 0.000010 0.000010 0.213494 0.076870 0.000010 0.000010
0.000010 0.550785 0.000010 0.000010 0.000010 0.000010 0.000010 0.000010 0.000010 0.027108 0.042239 0.105711 0.274077
0.025334 0.674332 0.000010 0.000010 0.068791 0.022992 0.000755 0.048709 0.000010 0.159027 0.000010 0.000010 0.000010
0.000010 0.612160 0.000010 0.000010 0.067122 0.000010 0.000010 0.000010 0.005314 0.206850 0.108473 0.000010 0.000010
0.000010 0.528963 0.000010 0.000010 0.031927 0.051179 0.000010 0.024931 0.000010 0.119024 0.000010 0.243906 0.000010
0.000010 0.635902 0.000010 0.000010 0.000010 0.000010 0.014058 0.000010 0.000010 0.126041 0.000010 0.223909 0.000010
0.000010 0.637720 0.000010 0.000010 0.000010 0.048094 0.000010 0.000010 0.000010 0.079207 0.000010 0.182811 0.052087
0.000010 0.659693 0.000010 0.000010 0.000010 0.057906 0.000010 0.000010 0.000010 0.199495 0.000010 0.000010 0.082816
0.000010 0.558582 0.000010 0.000010 0.000010 0.000010 0.000010 0.000010 0.000010 0.191695 0.043903 0.000010 0.205729
0.000013 0.005050 0.000010 0.000010 0.000010 0.032931 0.000405 0.063128 0.000010 0.443950 0.000010 0.454463 0.000010
0.000010 0.715740 0.000010 0.000010 0.092415 0.031959 0.000010 0.000010 0.000010 0.129129 0.000010 0.030677 0.000010
0.000010 0.659951 0.000010 0.000010 0.000011 0.000010 0.000010 0.000010 0.000010 0.000010 0.000010 0.000010 0.339938
0.000010 0.640107 0.000010 0.000010 0.000010 0.000010 0.000010 0.000010 0.000010 0.098950 0.000010 0.000010 0.260842
0.000010 0.480813 0.000010 0.000010 0.000010 0.002652 0.039463 0.000010 0.000010 0.324739 0.031063 0.121199 0.000010
0.000010 0.000010 0.000010 0.000010 0.000010 0.122026 0.133405 0.327662 0.000010 0.000010 0.385996 0.030831 0.000010
0.000010 0.000010 0.000010 0.000010 0.000010 0.000010 0.000010 0.000010 0.000010 0.000010 0.999880 0.000010 0.000010
0.000010 0.000010 0.000010 0.000010 0.000010 0.000010 0.000010 0.000010 0.000010 0.000010 0.999880 0.000010 0.000010
0.000010 0.000010 0.000010 0.000010 0.000010 0.000010 0.000010 0.000010 0.000010 0.000010 0.999880 0.000010 0.000010
0.000010 0.000010 0.000010 0.000010 0.000010 0.100366 0.145159 0.287025 0.000010 0.018846 0.448524 0.000010 0.000010
0.000010 0.000010 0.000010 0.000010 0.000010 0.129699 0.141629 0.195164 0.000010 0.000010 0.533419 0.000010 0.000010
0.000010 0.000010 0.000010 0.000010 0.000010 0.000010 0.000010 0.000010 0.000010 0.000010 0.999880 0.000010 0.000010
0.081684 0.000010 0.000010 0.000010 0.067444 0.000010 0.163632 0.265872 0.000010 0.000010 0.421288 0.000010 0.000010
0.000010 0.000010 0.000010 0.000010 0.000010 0.045504 0.126480 0.196898 0.000010 0.000010 0.544795 0.000010 0.086242
0.000010 0.000010 0.000010 0.000010 0.042643 0.081102 0.139925 0.254799 0.000010 0.000010 0.471851 0.009611 0.000010
0.000010 0.000010 0.000010 0.000010 0.000010 0.000010 0.000010 0.000010 0.000010 0.000010 0.999880 0.000010 0.000010
0.000010 0.000010 0.000010 0.000010 0.000010 0.000010 0.000010 0.000010 0.000010 0.000010 0.999880 0.000010 0.000010
0.000010 0.000010 0.000010 0.000010 0.000010 0.000010 0.000010 0.000010 0.000010 0.000010 0.999880 0.000010 0.000010
0.000010 0.000010 0.000010 0.000010 0.045798 0.061793 0.150583 0.227974 0.000010 0.000010 0.491891 0.021892 0.000010
0.000010 0.000010 0.000010 0.000010 0.000010 0.000010 0.000010 0.000010 0.000010 0.000010 0.999880 0.000010 0.000010
0.044127 0.000010 0.000010 0.000010 0.023236 0.000010 0.145779 0.300376 0.000010 0.034021 0.452391 0.000010 0.000010
0.000010 0.000010 0.000010 0.000010 0.000010 0.071014 0.096373 0.185335 0.000010 0.000010 0.605710 0.000010 0.041487
0.000010 0.000010 0.000010 0.000010 0.027315 0.025175 0.142064 0.124554 0.000010 0.000010 0.624938 0.000010 0.055884
0.000010 0.000010 0.000010 0.000010 0.000010 0.108588 0.105074 0.141852 0.000010 0.000010 0.583323 0.000010 0.061084
0.000010 0.000010 0.000010 0.000010 0.000010 0.000010 0.000010 0.000010 0.000010 0.000010 0.999880 0.000010 0.000010
0.000010 0.000010 0.000010 0.000010 0.014186 0.026445 0.142622 0.270831 0.000010 0.036113 0.508575 0.000010 0.001168
0.000010 0.000010 0.000010 0.000010 0.000010 0.000010 0.000010 0.000010 0.000010 0.000010 0.881233 0.000010 0.118657
0.023000 0.003698 0.000010 0.000010 0.058428 0.000010 0.176009 0.131901 0.000010 0.000010 0.606893 0.000010 0.000010
0.012331 0.000010 0.000010 0.000010 0.000010 0.000010 0.117738 0.300806 0.000010 0.000010 0.513456 0.055588 0.000010
0.000010 0.000010 0.000010 0.000010 0.000010 0.000010 0.000010 0.000010 0.000010 0.000010 0.000010 0.999880 0.000010
0.000010 0.000010 0.000010 0.000010 0.124175 0.000010 0.000010 0.000010 0.000010 0.312394 0.000010 0.563332 0.000010
0.000010 0.000010 0.000010 0.000010 0.000010 0.032909 0.000010 0.000010 0.000010 0.413788 0.000010 0.553203 0.000010
0.037992 0.000010 0.000010 0.000010 0.000010 0.000010 0.000010 0.035343 0.000010 0.448876 0.000010 0.477698 0.000010
0.000010 0.039479 0.000010 0.000010 0.000010 0.004821 0.000010 0.000010 0.000010 0.434303 0.000010 0.521307 0.000010
0.020336 0.054294 0.000010 0.000010 0.074051 0.000010 0.029870 0.000010 0.000010 0.352433 0.017111 0.451844 0.000010
0.000010 0.000010 0.000010 0.000010 0.000010 0.000010 0.000010 0.000010 0.000010 0.000010 0.000010 0.999880 0.000010
0.037923 0.038254 0.000010 0.000010 0.110275 0.000010 0.000010 0.002657 0.000010 0.293781 0.000010 0.517041 0.000010
0.000010 0.106767 0.000010 0.000010 0.134078 0.006900 0.000010 0.000010 0.000010 0.280285 0.033002 0.438898 0.000010
0.000010 0.000010 0.000010 0.000010 0.000010 0.000010 0.000010 0.000010 0.000010 0.320341 0.000010 0.377075 0.302484
0.000010 0.000010 0.000010 0.000010 0.228175 0.000010 0.019518 0.000010 0.000010 0.487197 0.000010 0.265019 0.000010
0.000010 0.024586 0.000010 0.000010 0.107139 0.039246 0.009217 0.000010 0.000010 0.331897 0.000010 0.460638 0.027218
0.035901 0.174633 0.000010 0.000010 0.128915 0.000010 0.001362 0.000010 0.000010 0.284650 0.008190 0.356181 0.010118
0.000010 0.000010 0.000010 0.000010 0.000014 0.000010 0.030236 0.040913 0.000010 0.259585 0.000010 0.583473 0.085708
0.000010 0.000010 0.000010 0.000010 0.276404 0.000010 0.000010 0.000010 0.000010 0.220639 0.000010 0.502857 0.000010
0.000010 0.000010 0.000010 0.000010 0.000010 0.000010 0.000010 0.000010 0.000010 0.000010 0.000010 0.999880 0.000010
0.000010 0.011039 0.000010 0.000010 0.152104 0.000010 0.000010 0.059597 0.000010 0.323113 0.000010 0.454067 0.000010
0.000010 0.055577 0.000010 0.000010 0.060617 0.000010 0.000010 0.000010 0.000010 0.298753 0.063394 0.415651 0.105937
0.000010 0.000010 0.000010 0.000010 0.000010 0.000010 0.000010 0.000010 0.000010 0.999880 0.000010 0.000010 0.000010
0.000010 0.000010 0.000010 0.000010 0.000010 0.000010 0.000010 0.000010 0.000010 0.000010 0.046429 0.953461 0.000010
0.000010 0.000010 0.000010 0.000010 0.000010 0.000010 0.000010 0.000010 0.000010 0.000010 0.000010 0.999880 0.000010
0.000010 0.083058 0.000010 0.000010 0.000010 0.000010 0.040321 0.000010 0.000010 0.306148 0.064058 0.336266 0.170079
0.000010 0.000010 0.000010 0.000010 0.177718 0.000010 0.000010 0.000010 0.000010 0.213052 0.104526 0.372827 0.131798
0.000010 0.033081 0.000010 0.000010 0.078486 0.000010 0.008829 0.000010 0.000010 0.344517 0.077649 0.282411 0.174967
0.000010 0.000010 0.000010 0.000010 0.464246 0.006323 0.000010 0.000010 0.000010 0.026241 0.000010 0.000010 0.503101
0.000010 0.000010 0.000010 0.000010 0.645950 0.000010 0.068569 0.000010 0.000010 0.285381 0.000010 0.000010 0.000010
0.070630 0.039314 0.000010 0.000010 0.575279 0.000010 0.000010 0.000010 0.000010 0.056663 0.061018 0.128630 0.068406
0.000010 0.000010 0.000010 0.000010 0.344931 0.011781 0.000010 0.000010 0.000010 0.327282 0.090489 0.000010 0.225437
0.000010 0.000010 0.000010 0.000010 0.839038 0.000010 0.000010 0.160852 0.000010 0.000010 0.000010 0.000010 0.000010
0.000010 0.000010 0.000010 0.000010 0.443549 0.000010 0.000010 0.135022 0.000010 0.080846 0.000010 0.045533 0.294970
0.000010 0.000010 0.000010 0.000010 0.482606 0.000010 0.000010 0.000010 0.000010 0.093080 0.073256 0.000010 0.350968
0.000010 0.000010 0.000010 0.000010 0.554926 0.000010 0.000010 0.123328 0.000010 0.000010 0.000010 0.144473 0.177183
0.000010 0.000010 0.000010 0.000010 0.553087 0.005863 0.000010 0.000010 0.000010 0.000010 0.000010 0.000010 0.440950
0.000010 0.000010 0.999880 0.000010 0.000010 0.000010 0.000010 0.000010 0.000010 0.000010 0.000010 0.000010 0.000010
0.000010 0.000010 0.994609 0.005281 0.000010 0.000010 0.000010 0.000010 0.000010 0.000010 0.000010 0.000010 0.000010
0.000010 0.000010 0.999880 0.000010 0.000010 0.000010 0.000010 0.000010 0.000010 0.000010 0.000010 0.000010 0.000010
0.000010 0.000010 0.999880 0.000010 0.000010 0.000010 0.000010 0.000010 0.000010 0.000010 0.000010 0.000010 0.000010
0.000010 0.000010 0.999880 0.000010 0.000010 0.000010 0.000010 0.000010 0.000010 0.000010 0.000010 0.000010 0.000010
0.000010 0.000010 0.967854 0.032036 0.000010 0.000010 0.000010 0.000010 0.000010 0.000010 0.000010 0.000010 0.000010
0.000010 0.000010 0.920347 0.079543 0.000010 0.000010 0.000010 0.000010 0.000010 0.000010 0.000010 0.000010 0.000010
0.000010 0.000010 0.999880 0.000010 0.000010 0.000010 0.000010 0.000010 0.000010 0.000010 0.000010 0.000010 0.000010
0.000010 0.000010 0.999880 0.000010 0.000010 0.000010 0.000010 0.000010 0.000010 0.000010 0.000010 0.000010 0.000010
0.000010 0.000010 0.999880 0.000010 0.000010 0.000010 0.000010 0.000010 0.000010 0.000010 0.000010 0.000010 0.000010
0.000010 0.000010 0.999880 0.000010 0.000010 0.000010 0.000010 0.000010 0.000010 0.000010 0.000010 0.000010 0.000010
0.000010 0.000010 0.878519 0.104720 0.000010 0.000010 0.000010 0.000010 0.016662 0.000010 0.000010 0.000010 0.000010
0.000010 0.000010 0.999880 0.000010 0.000010 0.000010 0.000010 0.000010 0.000010 0.000010 0.000010 0.000010 0.000010
0.000010 0.000010 0.999880 0.000010 0.000010 0.000010 0.000010 0.000010 0.000010 0.000010 0.000010 0.000010 0.000010
0.000010 0.000010 0.999880 0.000010 0.000010 0.000010 0.000010 0.000010 0.000010 0.000010 0.000010 0.000010 0.000010
0.000010 0.000010 0.993123 0.006767 0.000010 0.000010 0.000010 0.000010 0.000010 0.000010 0.000010 0.000010 0.000010
0.000010 0.000010 0.999880 0.000010 0.000010 0.000010 0.000010 0.000010 0.000010 0.000010 0.000010 0.000010 0.000010
0.000010 0.000011 0.999879 0.000010 0.000010 0.000010 0.000010 0.000010 0.000010 0.000010 0.000010 0.000010 0.000010
0.000010 0.000010 0.935646 0.016836 0.000010 0.000010 0.000010 0.000010 0.047418 0.000010 0.000010 0.000010 0.000010
0.000010 0.000010 0.999880 0.000010 0.000010 0.000010 0.000010 0.000010 0.000010 0.000010 0.000010 0.000010 0.000010
0.000010 0.000010 0.999880 0.000010 0.000010 0.000010 0.000010 0.000010 0.000010 0.000010 0.000010 0.000010 0.000010
0.000010 0.000010 0.999880 0.000010 0.000010 0.000010 0.000010 0.000010 0.000010 0.000010 0.000010 0.000010 0.000010
0.000010 0.000010 0.999880 0.000010 0.000010 0.000010 0.000010 0.000010 0.000010 0.000010 0.000010 0.000010 0.000010
0.000010 0.000010 0.999880 0.000010 0.000010 0.000010 0.000010 0.000010 0.000010 0.000010 0.000010 0.000010 0.000010
0.000010 0.000010 0.999880 0.000010 0.000010 0.000010 0.000010 0.000010 0.000010 0.000010 0.000010 0.000010 0.000010
0.000010 0.000010 0.999880 0.000010 0.000010 0.000010 0.000010 0.000010 0.000010 0.000010 0.000010 0.000010 0.000010
0.000010 0.000010 0.999880 0.000010 0.000010 0.000010 0.000010 0.000010 0.000010 0.000010 0.000010 0.000010 0.000010
0.000010 0.000010 0.928196 0.071694 0.000010 0.000010 0.000010 0.000010 0.000010 0.000010 0.000010 0.000010 0.000010
0.000010 0.000010 0.999880 0.000010 0.000010 0.000010 0.000010 0.000010 0.000010 0.000010 0.000010 0.000010 0.000010
0.000010 0.000010 0.999880 0.000010 0.000010 0.000010 0.000010 0.000010 0.000010 0.000010 0.000010 0.000010 0.000010
0.000010 0.000010 0.993704 0.000010 0.000010 0.000010 0.006186 0.000010 0.000010 0.000010 0.000010 0.000010 0.000010
0.000010 0.000010 0.983451 0.000010 0.000010 0.000010 0.000010 0.000010 0.016439 0.000010 0.000010 0.000010 0.000010
0.000010 0.000010 0.999880 0.000010 0.000010 0.000010 0.000010 0.000010 0.000010 0.000010 0.000010 0.000010 0.000010
0.000010 0.000010 0.214746 0.749913 0.000018 0.000010 0.000010 0.000010 0.000010 0.000010 0.035233 0.000010 0.000010
0.000010 0.000010 0.116805 0.847485 0.000010 0.000010 0.000010 0.000010 0.035610 0.000010 0.000010 0.000010 0.000010
0.000010 0.000010 0.187949 0.775979 0.000010 0.000010 0.000010 0.000010 0.035972 0.000010 0.000010 0.000010 0.000010
0.000010 0.000010 0.000010 0.999880 0.000010 0.000010 0.000010 0.000010 0.000010 0.000010 0.000010 0.000010 0.000010
0.000010 0.000010 0.127980 0.871910 0.000010 0.000010 0.000010 0.000010 0.000010 0.000010 0.000010 0.000010 0.000010
0.000010 0.000010 0.243746 0.722730 0.000010 0.000010 0.000010 0.000010 0.033424 0.000010 0.000010 0.000010 0.000010
