0.730993 0.000010 0.165006 0.000010 0.086105 0.000010 0.017846 0.000010 0.000010
0.677378 0.000010 0.091771 0.000010 0.215669 0.000010 0.009142 0.000010 0.006000
0.684353 0.010518 0.000010 0.000010 0.290394 0.000635 0.014059 0.000010 0.000010
0.653087 0.000010 0.036340 0.000010 0.264303 0.000010 0.046219 0.000010 0.000010
0.682031 0.000010 0.088136 0.000010 0.184878 0.000010 0.044906 0.000010 0.000010
0.572125 0.000010 0.000010 0.000010 0.295592 0.000010 0.055433 0.000010 0.076801
0.617254 0.000010 0.023645 0.000010 0.194934 0.000010 0.018180 0.000010 0.145947
0.615075 0.069429 0.007680 0.000010 0.274198 0.000010 0.033578 0.000010 0.000010
0.619133 0.008736 0.021662 0.000010 0.254568 0.000010 0.063431 0.000010 0.032440
0.632967 0.000010 0.000010 0.000010 0.192020 0.000010 0.000010 0.000010 0.174953
0.679294 0.071719 0.000010 0.000010 0.198613 0.000010 0.028027 0.000010 0.022307
0.667013 0.056300 0.055337 0.000010 0.221299 0.000010 0.000010 0.000010 0.000010
0.624039 0.000010 0.001379 0.000010 0.326175 0.000010 0.004943 0.000010 0.043423
0.714518 0.000010 0.000010 0.000010 0.217277 0.000010 0.021197 0.000010 0.046958
0.668208 0.008549 0.045545 0.000010 0.188901 0.000010 0.023479 0.000010 0.065289
0.749927 0.043547 0.018296 0.000010 0.188180 0.000010 0.000010 0.000010 0.000010
0.621397 0.055377 0.051249 0.000010 0.244346 0.000010 0.027592 0.000010 0.000010
0.652351 0.038394 0.000010 0.000010 0.272769 0.000010 0.036436 0.000010 0.000010
0.589124 0.001849 0.000010 0.000010 0.245656 0.000010 0.000010 0.008409 0.154922
0.720465 0.042035 0.032432 0.005912 0.164781 0.000010 0.027463 0.000010 0.006891
0.706566 0.000010 0.000010 0.000010 0.226510 0.000010 0.000010 0.000010 0.066864
0.530502 0.000010 0.096274 0.000010 0.347753 0.014991 0.010440 0.000010 0.000010
0.720639 0.000010 0.000010 0.000010 0.159058 0.000010 0.000010 0.000010 0.120243
0.611157 0.000010 0.000010 0.000010 0.182637 0.000010 0.000010 0.000010 0.206145
0.690999 0.023910 0.000010 0.000010 0.250670 0.016161 0.018220 0.000010 0.000010
0.664372 0.042965 0.035453 0.000010 0.197755 0.000010 0.059415 0.000010 0.000010
0.607299 0.001661 0.000010 0.000010 0.170377 0.000010 0.003229 0.000010 0.217394
0.688399 0.000010 0.036071 0.000010 0.206046 0.000010 0.043960 0.000010 0.025484
0.656936 0.007297 0.074776 0.000010 0.234232 0.000010 0.026719 0.000010 0.000010
0.726759 0.015325 0.046968 0.000010 0.179738 0.000010 0.031170 0.000010 0.000010
0.612457 0.034916 0.004231 0.000010 0.265960 0.000010 0.082396 0.000010 0.000010
0.708805 0.000010 0.023459 0.000010 0.175402 0.000010 0.001406 0.000010 0.090887
0.599608 0.006970 0.109386 0.000010 0.283985 0.000010 0.000010 0.000010 0.000010
0.638837 0.000010 0.070193 0.000010 0.255889 0.000010 0.035032 0.000010 0.000010
0.548257 0.000010 0.138738 0.000010 0.277464 0.000010 0.027508 0.000010 0.007993
0.105367 0.000010 0.026436 0.000010 0.852565 0.000010 0.015582 0.000010 0.000010
0.095781 0.000010 0.021871 0.000010 0.810623 0.000010 0.071675 0.000010 0.000010
0.017191 0.000010 0.033049 0.001119 0.885816 0.000010 0.062784 0.000010 0.000010
0.077575 0.046751 0.000010 0.000010 0.875614 0.000010 0.000010 0.000010 0.000010
0.094051 0.000010 0.000010 0.000010 0.794972 0.000010 0.000010 0.000010 0.110917
0.166196 0.010904 0.064628 0.000010 0.740358 0.000010 0.000010 0.005872 0.012013
0.096601 0.001291 0.057192 0.000010 0.841083 0.000010 0.000010 0.000010 0.003794
0.133125 0.000010 0.033105 0.000010 0.799710 0.000010 0.026489 0.002676 0.004865
0.058144 0.054709 0.006099 0.000010 0.879367 0.000010 0.001641 0.000010 0.000010
0.076790 0.000010 0.026611 0.000010 0.881919 0.000010 0.000010 0.000010 0.014630
0.117438 0.000272 0.000010 0.000010 0.776045 0.000010 0.036932 0.000010 0.069273
0.017918 0.059551 0.000010 0.000010 0.904753 0.000010 0.017728 0.000010 0.000010
0.073831 0.000010 0.107639 0.000010 0.818097 0.000010 0.000383 0.000010 0.000010
0.040259 0.000010 0.106699 0.000010 0.824200 0.000010 0.028792 0.000010 0.000010
0.024764 0.000010 0.032049 0.000010 0.925566 0.017571 0.000010 0.000010 0.000010
0.000010 0.000010 0.000010 0.000010 0.826304 0.000010 0.000010 0.000010 0.173626
0.039948 0.000010 0.000010 0.000010 0.948870 0.000010 0.011123 0.000010 0.000010
0.038040 0.079691 0.050659 0.000010 0.831561 0.000010 0.000010 0.000010 0.000010
0.129847 0.006412 0.057553 0.000010 0.747576 0.000010 0.058572 0.000010 0.000010
0.006072 0.032776 0.000010 0.000010 0.935168 0.000010 0.025934 0.000010 0.000010
0.003088 0.065742 0.018957 0.000010 0.882051 0.000010 0.030122 0.000010 0.000010
0.082177 0.000010 0.117372 0.000010 0.800391 0.000010 0.000010 0.000010 0.000010
0.000010 0.000010 0.044110 0.000010 0.725002 0.000010 0.069642 0.000010 0.161196
0.061592 0.061938 0.045769 0.000010 0.761837 0.000010 0.068825 0.000010 0.000010
0.000010 0.014173 0.120870 0.000010 0.840620 0.000010 0.024288 0.000010 0.000010
0.036920 0.007486 0.045178 0.000010 0.766957 0.000010 0.143419 0.000010 0.000010
0.000010 0.023563 0.039377 0.000010 0.887858 0.000010 0.049152 0.000010 0.000010
0.000010 0.024167 0.108552 0.000010 0.757305 0.000010 0.109926 0.000010 0.000010
0.000010 0.063986 0.063920 0.000010 0.801694 0.000010 0.070350 0.000010 0.000010
0.102007 0.000010 0.084935 0.000010 0.755498 0.000010 0.057510 0.000010 0.000010
0.000010 0.000010 0.084325 0.000010 0.832083 0.000010 0.083532 0.000010 0.000010
0.000010 0.000010 0.130230 0.000010 0.820090 0.000010 0.049620 0.000010 0.000010
0.000010 0.046814 0.075237 0.000010 0.829113 0.000010 0.048787 0.000010 0.000010
0.000010 0.034098 0.020410 0.000010 0.752124 0.000010 0.059578 0.000010 0.133750
0.000010 0.000010 0.062987 0.000010 0.864775 0.000010 0.014252 0.000010 0.057936
0.000010 0.000010 0.132175 0.000010 0.858325 0.000010 0.009439 0.000010 0.000010
0.059826 0.023462 0.000010 0.000010 0.865572 0.000010 0.051090 0.000010 0.000010
0.000010 0.000010 0.000010 0.000010 0.775872 0.000010 0.000010 0.000010 0.224058
0.053470 0.000010 0.155655 0.000010 0.772848 0.000010 0.011883 0.000010 0.006103
0.028528 0.047172 0.050556 0.000010 0.807753 0.000010 0.065951 0.000010 0.000010
0.000010 0.014453 0.142053 0.006068 0.763375 0.005001 0.069019 0.000010 0.000010
0.000010 0.017000 0.056447 0.000010 0.840044 0.000010 0.065225 0.000010 0.021244
0.000010 0.018537 0.046651 0.000010 0.832324 0.000010 0.062119 0.000010 0.040329
0.067097 0.009533 0.101033 0.000010 0.812193 0.000010 0.010103 0.000010 0.000010
0.000010 0.018335 0.000010 0.000010 0.721461 0.000010 0.021739 0.000010 0.238414
0.000010 0.031152 0.053356 0.000010 0.768159 0.000010 0.047238 0.000010 0.100056
0.000010 0.036729 0.000010 0.000010 0.085061 0.000010 0.878150 0.000010 0.000010
0.000010 0.000010 0.068973 0.000010 0.028158 0.000010 0.873783 0.000010 0.029036
0.044277 0.000010 0.086923 0.000010 0.000010 0.000010 0.868741 0.000010 0.000010
0.031804 0.033161 0.000010 0.000010 0.003299 0.000010 0.931686 0.000010 0.000010
0.003085 0.008744 0.062686 0.000010 0.000010 0.000010 0.855837 0.000010 0.069608
0.012633 0.087896 0.081178 0.000010 0.000010 0.000010 0.817313 0.000010 0.000940
0.000010 0.000010 0.134996 0.000010 0.000010 0.008773 0.856171 0.000010 0.000010
0.000010 0.000010 0.000010 0.000010 0.000010 0.000010 0.710584 0.000010 0.289346
0.039766 0.036396 0.058835 0.000010 0.038337 0.000010 0.826626 0.000010 0.000010
0.020993 0.000010 0.022439 0.000010 0.013585 0.000010 0.859413 0.000010 0.083530
0.006116 0.053862 0.097672 0.000010 0.000010 0.000010 0.816345 0.000010 0.025965
0.048996 0.000010 0.069521 0.000010 0.006217 0.000010 0.875216 0.000010 0.000010
0.000010 0.006698 0.056391 0.000010 0.069554 0.000010 0.867307 0.000010 0.000010
0.000010 0.000010 0.000010 0.000010 0.000010 0.000010 0.818983 0.000010 0.180947
0.000010 0.046855 0.053111 0.000013 0.025987 0.000010 0.799579 0.000010 0.074425
0.000010 0.000010 0.000010 0.000010 0.000010 0.000010 0.804169 0.000010 0.195761
0.000010 0.000010 0.127977 0.000010 0.000010 0.000010 0.871953 0.000010 0.000010
0.000010 0.000010 0.000010 0.000010 0.000010 0.000010 0.789192 0.000010 0.210738
0.005870 0.054328 0.003883 0.000010 0.000010 0.000010 0.935869 0.000010 0.000010
0.000010 0.009374 0.000010 0.000010 0.030836 0.000010 0.924856 0.000010 0.034884
0.000010 0.080251 0.033130 0.000010 0.000010 0.000010 0.886559 0.000010 0.000010
0.046681 0.064938 0.000010 0.000010 0.000010 0.000010 0.814078 0.000010 0.074253
0.000010 0.041261 0.000010 0.000010 0.000010 0.000010 0.958669 0.000010 0.000010
0.000010 0.003003 0.133610 0.000010 0.048567 0.000010 0.814769 0.000010 0.000010
0.000010 0.000010 0.052860 0.000010 0.000010 0.000010 0.947070 0.000010 0.000010
0.007143 0.053899 0.065070 0.000010 0.019572 0.000010 0.847424 0.006862 0.000010
0.000010 0.004375 0.067098 0.000010 0.000010 0.000010 0.928467 0.000010 0.000010
0.030116 0.000010 0.000010 0.000010 0.000010 0.000010 0.916267 0.000010 0.053557
0.000010 0.000010 0.000010 0.000010 0.000010 0.000010 0.791523 0.000010 0.208407
0.000010 0.000010 0.117415 0.011757 0.000010 0.000010 0.870768 0.000010 0.000010
0.000010 0.019068 0.037707 0.000010 0.000010 0.000010 0.943165 0.000010 0.000010
0.000010 0.092913 0.053777 0.000010 0.023804 0.000010 0.829456 0.000010 0.000010
0.000010 0.036961 0.112402 0.000010 0.001773 0.000010 0.848814 0.000010 0.000010
0.000010 0.000010 0.105346 0.000010 0.000010 0.000010 0.840646 0.003968 0.049989
0.000010 0.000010 0.000010 0.000010 0.000010 0.000010 0.765817 0.000010 0.234113
0.000010 0.035860 0.000010 0.000010 0.000010 0.000010 0.956001 0.000010 0.008079
0.000010 0.000010 0.082097 0.002914 0.040409 0.000010 0.856939 0.000010 0.017601
0.000010 0.036323 0.090445 0.000010 0.029627 0.000010 0.843556 0.000010 0.000010
0.000010 0.000010 0.000010 0.000010 0.017048 0.000010 0.982882 0.000010 0.000010
0.000010 0.000010 0.122048 0.000010 0.000010 0.000010 0.877882 0.000010 0.000010
0.000010 0.000010 0.130126 0.000010 0.018583 0.000010 0.851231 0.000010 0.000010
0.018398 0.033131 0.044932 0.000010 0.000010 0.000010 0.868419 0.000010 0.035080
0.005755 0.000010 0.111339 0.000010 0.000010 0.000010 0.882847 0.000010 0.000010
0.000010 0.062294 0.042940 0.000010 0.044684 0.000010 0.850031 0.000010 0.000010
0.000010 0.013394 0.000010 0.000010 0.000010 0.000010 0.772879 0.000010 0.213668
0.000010 0.000010 0.000010 0.000010 0.000010 0.000010 0.794760 0.000010 0.205170
0.000010 0.000010 0.000010 0.000010 0.000010 0.000010 0.949821 0.000010 0.050109
0.023518 0.060810 0.008448 0.000010 0.000010 0.000010 0.899333 0.000010 0.007851
0.000010 0.000010 0.000010 0.000010 0.000010 0.000010 0.766496 0.000010 0.233434
0.030892 0.010015 0.000010 0.000010 0.000010 0.000010 0.959033 0.000010 0.000010
0.000010 0.038635 0.000010 0.000010 0.000010 0.000010 0.770258 0.000010 0.191047
0.053129 0.000010 0.067639 0.000010 0.000010 0.000010 0.879172 0.000010 0.000010
0.000010 0.041904 0.027186 0.000010 0.000010 0.000010 0.930849 0.000010 0.000010
0.000010 0.051475 0.106947 0.000010 0.000010 0.000010 0.841518 0.000010 0.000010
0.007719 0.007526 0.123478 0.000010 0.000010 0.000010 0.861227 0.000010 0.000010
0.000010 0.023608 0.000010 0.000010 0.000010 0.000010 0.784929 0.000010 0.191404
0.000010 0.000010 0.059435 0.000010 0.032829 0.000010 0.907677 0.000010 0.000010
0.000010 0.032743 0.049236 0.000010 0.000010 0.000010 0.898328 0.000010 0.019643
0.010882 0.094600 0.024477 0.000010 0.000010 0.000010 0.869991 0.000010 0.000010
0.001104 0.011565 0.000010 0.000010 0.008476 0.000010 0.848503 0.000010 0.130313
0.054033 0.000010 0.006717 0.000010 0.007011 0.000010 0.851925 0.000010 0.080273
0.000010 0.000010 0.000010 0.000010 0.000010 0.000010 0.828600 0.000010 0.171330
0.000010 0.000010 0.000010 0.000010 0.004730 0.000010 0.793258 0.000010 0.201951
0.018625 0.012388 0.044299 0.000010 0.026493 0.000010 0.862994 0.000010 0.035171
0.000010 0.000013 0.000010 0.000010 0.036739 0.000010 0.815317 0.000010 0.147881
0.000010 0.000010 0.000010 0.000010 0.000010 0.000010 0.809225 0.000010 0.190705
0.000010 0.000010 0.000010 0.000010 0.000010 0.000010 0.789893 0.000010 0.210037
0.044774 0.000010 0.000010 0.000010 0.000010 0.000010 0.807515 0.000010 0.147651
0.029258 0.000010 0.058823 0.000010 0.000010 0.000010 0.816905 0.000010 0.094964
0.617358 0.060768 0.056293 0.000010 0.000010 0.000010 0.000010 0.000010 0.265531
0.687557 0.006046 0.135333 0.000010 0.000010 0.000010 0.052336 0.000010 0.118688
0.732464 0.111904 0.155572 0.000010 0.000010 0.000010 0.000010 0.000010 0.000010
0.600600 0.089072 0.152880 0.000010 0.000010 0.000010 0.000010 0.000010 0.157397
0.659349 0.000010 0.120755 0.000010 0.036572 0.000010 0.056944 0.000010 0.126340
0.501240 0.021754 0.074052 0.000010 0.102632 0.000010 0.000010 0.000010 0.300282
0.632282 0.021625 0.154983 0.000010 0.000010 0.000010 0.036532 0.000010 0.154538
0.701115 0.006029 0.219980 0.000010 0.000010 0.000010 0.013477 0.000010 0.059359
0.605997 0.003563 0.000010 0.000010 0.035656 0.000010 0.000010 0.000010 0.354734
0.692115 0.042011 0.183415 0.000010 0.019775 0.000010 0.062645 0.000010 0.000010
0.604625 0.028120 0.082880 0.000010 0.000010 0.000010 0.000010 0.000010 0.284325
0.686011 0.112287 0.101086 0.000010 0.000010 0.000010 0.000010 0.000010 0.100567
0.581126 0.000010 0.000010 0.000010 0.000010 0.000010 0.000010 0.000010 0.418804
0.620269 0.000010 0.194028 0.000010 0.000010 0.000010 0.000010 0.000010 0.185643
0.638320 0.000010 0.000010 0.000010 0.000010 0.000010 0.000010 0.000010 0.361610
0.687724 0.007185 0.000010 0.000010 0.008520 0.000010 0.000010 0.000010 0.296520
0.646525 0.052052 0.247533 0.000010 0.053839 0.000010 0.000010 0.000010 0.000010
0.618532 0.000010 0.000010 0.000010 0.000010 0.011246 0.000010 0.000010 0.370162
0.760958 0.061195 0.060537 0.000010 0.000010 0.001192 0.027156 0.000010 0.088931
0.684905 0.029137 0.285898 0.000010 0.000010 0.000010 0.000010 0.000010 0.000010
0.606382 0.180625 0.212930 0.000010 0.000013 0.000010 0.000010 0.000010 0.000010
0.701757 0.000010 0.000010 0.000010 0.000010 0.000010 0.000010 0.000010 0.298173
0.732818 0.017139 0.043531 0.000010 0.006627 0.000491 0.027773 0.000010 0.171602
0.719198 0.000010 0.074214 0.000010 0.000010 0.000010 0.052597 0.000010 0.153941
0.687225 0.000010 0.111515 0.000010 0.000010 0.000010 0.066234 0.010343 0.124643
0.631138 0.010656 0.056245 0.000010 0.111117 0.000010 0.081845 0.000010 0.108968
0.604942 0.000010 0.000010 0.000010 0.057789 0.000010 0.000010 0.000010 0.337209
0.541928 0.000010 0.000010 0.000010 0.000010 0.000010 0.000010 0.000010 0.458002
0.635940 0.000010 0.000010 0.000010 0.000010 0.000010 0.000010 0.000010 0.363990
0.645990 0.032590 0.095261 0.000010 0.048563 0.000010 0.021187 0.000010 0.156379
0.653691 0.089897 0.152441 0.000010 0.103921 0.000010 0.000010 0.000010 0.000010
0.733173 0.000010 0.181602 0.000010 0.000010 0.000010 0.000010 0.000010 0.085165
0.665421 0.000010 0.116138 0.000010 0.033695 0.000010 0.000010 0.000010 0.184697
0.770763 0.000010 0.124802 0.000010 0.000010 0.000010 0.027552 0.000010 0.076833
0.716058 0.018836 0.161541 0.000010 0.016622 0.000010 0.000010 0.000010 0.086904
0.000010 0.999006 0.000010 0.000010 0.000010 0.000010 0.000010 0.000010 0.000924
0.000010 0.816213 0.000010 0.000010 0.000010 0.014353 0.000010 0.000010 0.169374
0.000010 0.999920 0.000010 0.000010 0.000010 0.000010 0.000010 0.000010 0.000010
0.000010 0.967075 0.032855 0.000010 0.000010 0.000010 0.000010 0.000010 0.000010
0.000010 0.813425 0.000010 0.000010 0.000010 0.000010 0.000010 0.000010 0.186505
0.000010 0.852667 0.147263 0.000010 0.000010 0.000010 0.000010 0.000010 0.000010
0.000010 0.812520 0.173766 0.000010 0.000010 0.000010 0.013654 0.000010 0.000010
0.000010 0.850029 0.000010 0.000010 0.000010 0.000010 0.000010 0.000010 0.149901
0.000010 0.999920 0.000010 0.000010 0.000010 0.000010 0.000010 0.000010 0.000010
0.000010 0.796016 0.000010 0.000010 0.000010 0.000010 0.000010 0.000010 0.203914
0.000010 0.999920 0.000010 0.000010 0.000010 0.000010 0.000010 0.000010 0.000010
0.000010 0.887500 0.000010 0.000010 0.000010 0.000010 0.000010 0.000010 0.112430
0.000010 0.796910 0.000010 0.000010 0.000010 0.000010 0.000010 0.000010 0.203020
0.000010 0.999920 0.000010 0.000010 0.000010 0.000010 0.000010 0.000010 0.000010
0.000010 0.999920 0.000010 0.000010 0.000010 0.000010 0.000010 0.000010 0.000010
0.000010 0.984296 0.000010 0.000010 0.000010 0.000010 0.015634 0.000010 0.000010
0.000010 0.999920 0.000010 0.000010 0.000010 0.000010 0.000010 0.000010 0.000010
0.000010 0.978572 0.021358 0.000010 0.000010 0.000010 0.000010 0.000010 0.000010
0.000010 0.842753 0.000010 0.000010 0.000010 0.000010 0.000010 0.000010 0.157177
0.000010 0.921685 0.078245 0.000010 0.000010 0.000010 0.000010 0.000010 0.000010
0.000010 0.795844 0.000010 0.000010 0.000010 0.000010 0.000010 0.000010 0.204086
0.000010 0.999920 0.000010 0.000010 0.000010 0.000010 0.000010 0.000010 0.000010
0.000010 0.766040 0.000010 0.000010 0.000010 0.000010 0.000010 0.000010 0.233890
0.000010 0.941707 0.058223 0.000010 0.000010 0.000010 0.000010 0.000010 0.000010
0.000010 0.775879 0.000010 0.000010 0.000010 0.000010 0.000423 0.000010 0.223639
0.000010 0.919041 0.000010 0.000010 0.000010 0.004381 0.076519 0.000010 0.000010
0.030982 0.858922 0.110036 0.000010 0.000010 0.000010 0.000010 0.000010 0.000010
0.000010 0.812919 0.000010 0.000010 0.000010 0.000010 0.000010 0.000010 0.187011
0.000010 0.963827 0.036103 0.000010 0.000010 0.000010 0.000010 0.000010 0.000010
0.000010 0.838061 0.000010 0.000010 0.000010 0.000010 0.000010 0.000010 0.161869
0.000010 0.687110 0.000011 0.000010 0.000010 0.000010 0.000010 0.000010 0.312819
0.000010 0.906495 0.000010 0.000010 0.000010 0.000010 0.000010 0.000010 0.093435
0.628409 0.000010 0.121206 0.000010 0.230501 0.000010 0.007659 0.000010 0.012184
0.114942 0.000010 0.069420 0.000010 0.783897 0.003415 0.000010 0.000010 0.028286
0.032832 0.000010 0.014001 0.000010 0.940030 0.013086 0.000010 0.000010 0.000010
0.110446 0.099007 0.000010 0.000010 0.790487 0.000010 0.000010 0.000010 0.000010
0.228143 0.048485 0.000010 0.000010 0.723312 0.000010 0.000010 0.000010 0.000010
0.163992 0.000010 0.000010 0.000010 0.678643 0.000010 0.000010 0.000010 0.157305
0.722180 0.040789 0.000010 0.000010 0.172468 0.000010 0.064513 0.000010 0.000010
0.105010 0.006225 0.084582 0.000010 0.763251 0.000010 0.040892 0.000010 0.000010
0.123696 0.000010 0.093716 0.000010 0.777143 0.000010 0.005394 0.000010 0.000010
0.152189 0.000010 0.000010 0.000010 0.695862 0.000010 0.000010 0.000010 0.151889
0.097458 0.000010 0.028020 0.000010 0.858374 0.000010 0.000010 0.000010 0.016098
0.134563 0.073589 0.000010 0.000010 0.759260 0.000010 0.032538 0.000010 0.000010
0.087860 0.000010 0.000010 0.000010 0.636449 0.000010 0.000010 0.000010 0.275631
0.157957 0.036255 0.002656 0.002972 0.748797 0.000010 0.032770 0.000010 0.018573
0.050040 0.033526 0.067139 0.000010 0.849245 0.000010 0.000010 0.000010 0.000010
0.102464 0.000010 0.000010 0.000010 0.669164 0.000010 0.000010 0.000010 0.228312
0.049610 0.018575 0.086007 0.000010 0.803106 0.000010 0.038195 0.000010 0.004478
0.116735 0.000010 0.000010 0.000010 0.711064 0.011065 0.000010 0.000010 0.161085
0.211611 0.000010 0.066778 0.000010 0.675692 0.000010 0.045869 0.000010 0.000010
0.191569 0.029951 0.009628 0.000010 0.768802 0.000010 0.000010 0.000010 0.000010
0.123736 0.000013 0.013271 0.000010 0.787936 0.000010 0.018191 0.000010 0.056824
0.149629 0.000010 0.011013 0.000010 0.790671 0.000010 0.048638 0.000010 0.000010
0.111451 0.000010 0.000010 0.000010 0.697766 0.000010 0.000010 0.000010 0.190723
0.614110 0.012345 0.095383 0.000010 0.225894 0.000010 0.038862 0.000010 0.013377
0.103799 0.014860 0.023574 0.000010 0.832858 0.000010 0.024869 0.000010 0.000010
0.000010 0.000010 0.000010 0.000010 0.831031 0.000010 0.000010 0.000010 0.168899
0.008048 0.000010 0.000010 0.000010 0.817968 0.000010 0.000010 0.000010 0.173924
0.220241 0.061567 0.000010 0.000010 0.667081 0.000010 0.000010 0.000010 0.051061
0.000010 0.159661 0.391173 0.000010 0.000010 0.000010 0.101310 0.000010 0.347806
0.000010 0.000010 0.122404 0.000010 0.000010 0.000010 0.000010 0.000010 0.877526
0.000010 0.000010 0.000010 0.000010 0.000010 0.000010 0.000010 0.000010 0.999920
0.000010 0.000010 0.000010 0.000010 0.000010 0.000010 0.000010 0.000010 0.999920
0.000010 0.187114 0.402109 0.000010 0.000010 0.000010 0.063870 0.000010 0.346857
0.000010 0.169935 0.322007 0.000010 0.000010 0.000010 0.097129 0.000010 0.410880
0.000010 0.000010 0.075966 0.000010 0.000010 0.000010 0.000010 0.000010 0.923964
0.027755 0.203552 0.387401 0.000010 0.000010 0.000010 0.067700 0.000010 0.313551
0.000010 0.133605 0.237103 0.000010 0.000010 0.000010 0.002132 0.000010 0.627110
0.024966 0.168713 0.365151 0.000010 0.000010 0.000010 0.065942 0.000010 0.375189
0.000010 0.000010 0.000010 0.000010 0.000010 0.000010 0.000010 0.000010 0.999920
0.000010 0.141149 0.216182 0.013981 0.000010 0.000010 0.000010 0.000010 0.628638
0.000010 0.123967 0.202190 0.000010 0.000010 0.000010 0.045566 0.000010 0.628227
0.017983 0.187739 0.335373 0.000010 0.000010 0.000010 0.066608 0.000010 0.392256
0.000010 0.000010 0.218466 0.000010 0.000010 0.000010 0.044367 0.000010 0.737107
0.021152 0.168384 0.413688 0.000010 0.000010 0.000010 0.033727 0.000010 0.363008
0.000010 0.101353 0.233722 0.000010 0.000010 0.000010 0.059459 0.000010 0.605415
0.000010 0.144787 0.196739 0.000010 0.000010 0.000010 0.000010 0.000010 0.658414
0.000010 0.132213 0.240627 0.000010 0.000010 0.000010 0.066879 0.000010 0.560232
0.020467 0.139623 0.230184 0.000010 0.000010 0.000010 0.000010 0.000010 0.609676
0.001801 0.167248 0.348345 0.000010 0.000010 0.000010 0.027928 0.000010 0.454639
0.000010 0.000010 0.000010 0.000010 0.000010 0.000010 0.000010 0.000010 0.999920
0.012197 0.177985 0.219736 0.000010 0.005363 0.000010 0.007892 0.000010 0.576798
0.019424 0.152071 0.419720 0.000010 0.000010 0.000010 0.012959 0.000010 0.395787
0.669217 0.000010 0.082099 0.000010 0.230232 0.000010 0.018402 0.000010 0.000010
0.759932 0.011718 0.044940 0.000010 0.159890 0.000010 0.023480 0.000010 0.000010
0.674699 0.015013 0.020443 0.000010 0.221200 0.000010 0.068605 0.000010 0.000010
0.604047 0.010691 0.081579 0.000010 0.239365 0.000010 0.064278 0.000010 0.000010
0.624405 0.000010 0.000010 0.000010 0.325262 0.000010 0.050273 0.000010 0.000010
0.649851 0.082789 0.000010 0.000010 0.235122 0.000010 0.011252 0.000010 0.020946
0.698049 0.019763 0.021627 0.000010 0.217719 0.000010 0.028097 0.000010 0.014715
0.646420 0.000010 0.059047 0.000010 0.247161 0.000010 0.047321 0.000010 0.000010
0.604119 0.000010 0.100181 0.000010 0.290795 0.000010 0.004855 0.000010 0.000010
0.733736 0.000010 0.000010 0.000010 0.042191 0.000010 0.000010 0.000010 0.224012
0.678687 0.073742 0.000010 0.015980 0.231541 0.000010 0.000010 0.000010 0.000010
0.652930 0.047043 0.014094 0.000010 0.228417 0.000010 0.057476 0.000010 0.000010
0.552859 0.023727 0.024953 0.000010 0.332527 0.000010 0.046047 0.000010 0.019856
0.668601 0.054682 0.094138 0.000010 0.179829 0.000010 0.002711 0.000010 0.000010
0.724488 0.000010 0.000010 0.000010 0.155964 0.000010 0.032284 0.000010 0.087214
0.614415 0.026376 0.102337 0.000010 0.231675 0.000010 0.016676 0.000010 0.008491
0.683904 0.000010 0.144631 0.000010 0.171405 0.000010 0.000010 0.000010 0.000010
0.621940 0.000010 0.000010 0.000010 0.206486 0.000010 0.000010 0.000010 0.171514
0.656209 0.000010 0.042085 0.000010 0.148852 0.000010 0.001609 0.000010 0.151204
0.556461 0.038496 0.082448 0.000010 0.251241 0.000010 0.025659 0.000010 0.045664
0.632838 0.042703 0.024715 0.000010 0.289280 0.000010 0.010425 0.000010 0.000010
0.429487 0.056726 0.000010 0.000010 0.326927 0.000010 0.000010 0.000010 0.186810
0.632598 0.000010 0.000010 0.000010 0.136461 0.000010 0.000010 0.000010 0.230881
0.618292 0.003324 0.000010 0.000010 0.147954 0.000010 0.000010 0.000010 0.230381
0.643935 0.000010 0.074346 0.000010 0.000010 0.000010 0.000010 0.000010 0.281659
0.730112 0.094750 0.054126 0.000010 0.020003 0.013531 0.017251 0.000010 0.070207
0.638990 0.031555 0.139816 0.000010 0.065781 0.000010 0.019078 0.000010 0.104749
0.584903 0.000010 0.000010 0.000010 0.047175 0.000010 0.016239 0.000010 0.351632
0.661534 0.029174 0.309233 0.000010 0.000010 0.000010 0.000010 0.000010 0.000010
0.658457 0.062836 0.269045 0.000010 0.000010 0.000010 0.001559 0.000010 0.008063
0.649627 0.000010 0.000010 0.000010 0.000010 0.000010 0.000010 0.000010 0.350303
0.692502 0.031306 0.273116 0.000010 0.003026 0.000010 0.000010 0.000010 0.000010
0.678657 0.000010 0.113447 0.000010 0.000010 0.000010 0.000010 0.000010 0.207836
0.000010 0.000010 0.000010 0.000010 0.000010 0.000010 0.000010 0.999920 0.000010
0.000010 0.000010 0.000010 0.006259 0.000010 0.000010 0.000010 0.993671 0.000010
0.000010 0.000010 0.000010 0.000010 0.000010 0.000010 0.000010 0.999920 0.000010
0.000010 0.000010 0.000010 0.000010 0.000010 0.000010 0.000010 0.999920 0.000010
0.000010 0.000010 0.000010 0.000010 0.000010 0.000010 0.000010 0.999920 0.000010
0.000010 0.000010 0.000010 0.032960 0.000010 0.000010 0.000010 0.966970 0.000010
0.000010 0.000010 0.000010 0.080086 0.000010 0.000010 0.000010 0.919844 0.000010
0.000010 0.000010 0.000010 0.000010 0.000010 0.000010 0.000010 0.999920 0.000010
0.000010 0.000010 0.000010 0.000010 0.000010 0.000010 0.000010 0.999920 0.000010
0.000010 0.000010 0.000010 0.000010 0.000010 0.000010 0.000010 0.999920 0.000010
0.000010 0.000010 0.000010 0.000010 0.000010 0.000010 0.000010 0.999920 0.000010
0.000010 0.000010 0.000013 0.104615 0.000010 0.016530 0.000010 0.878792 0.000010
0.000010 0.000010 0.000010 0.000010 0.000010 0.000010 0.000010 0.999920 0.000010
0.000010 0.000010 0.000010 0.000010 0.000010 0.000010 0.000010 0.999920 0.000010
0.000010 0.000010 0.000010 0.000010 0.000010 0.000010 0.000010 0.999920 0.000010
0.000010 0.000010 0.000010 0.007024 0.000010 0.000010 0.000010 0.992906 0.000010
0.000010 0.000010 0.000010 0.000010 0.000010 0.000010 0.000010 0.999920 0.000010
0.000010 0.000010 0.000010 0.000010 0.000010 0.000010 0.000010 0.999920 0.000010
0.000010 0.000010 0.000010 0.017685 0.000010 0.047049 0.000010 0.935206 0.000010
0.000010 0.000010 0.000010 0.000010 0.000010 0.000010 0.000010 0.999920 0.000010
0.000010 0.000010 0.000010 0.000010 0.000010 0.000010 0.000010 0.999920 0.000010
0.000010 0.000010 0.000010 0.000010 0.000010 0.000010 0.000010 0.999920 0.000010
0.000010 0.000010 0.000010 0.000010 0.000010 0.000010 0.000010 0.999920 0.000010
0.000010 0.000010 0.000010 0.000010 0.000010 0.000010 0.000010 0.999920 0.000010
0.000010 0.000010 0.000010 0.000010 0.000010 0.000010 0.000010 0.999920 0.000010
0.000010 0.000010 0.000010 0.000010 0.000010 0.000010 0.000010 0.999920 0.000010
0.000010 0.000010 0.000010 0.000010 0.000010 0.000010 0.000010 0.999920 0.000010
0.000010 0.000010 0.000010 0.071538 0.000010 0.000010 0.000010 0.928392 0.000010
0.000010 0.000010 0.000010 0.000010 0.000010 0.000010 0.000010 0.999920 0.000010
0.000010 0.000010 0.000010 0.000010 0.000010 0.000010 0.000010 0.999920 0.000010
0.000010 0.005012 0.000010 0.000010 0.000010 0.000010 0.000010 0.994918 0.000010
0.000010 0.000010 0.000010 0.000010 0.000010 0.017012 0.000010 0.982918 0.000010
0.000010 0.000010 0.000010 0.000010 0.000010 0.000010 0.000010 0.999920 0.000010
0.000010 0.000010 0.000010 0.748878 0.000010 0.000010 0.000010 0.207716 0.043346
0.000010 0.000010 0.000010 0.847546 0.000010 0.036879 0.000010 0.115515 0.000010
0.000010 0.000010 0.000010 0.775764 0.000010 0.037018 0.000010 0.187158 0.000010
0.000010 0.000010 0.000010 0.999920 0.000010 0.000010 0.000010 0.000010 0.000010
0.000010 0.000010 0.000010 0.872429 0.000010 0.000010 0.000010 0.127501 0.000010
0.000010 0.000010 0.000010 0.722774 0.000010 0.034642 0.000010 0.242524 0.000010
0.000010 0.000010 0.000010 0.999920 0.000010 0.000010 0.000010 0.000010 0.000010
0.000010 0.000010 0.000010 0.999920 0.000010 0.000010 0.000010 0.000010 0.000010
0.000010 0.000010 0.000010 0.950834 0.000010 0.000010 0.000010 0.049096 0.000010
0.000010 0.000010 0.000010 0.892378 0.000010 0.000010 0.000010 0.107552 0.000010
0.000010 0.000010 0.000010 0.768520 0.000010 0.080017 0.000010 0.151403 0.000010
0.000010 0.000010 0.000010 0.999920 0.000010 0.000010 0.000010 0.000010 0.000010
0.000010 0.000010 0.000010 0.795444 0.000010 0.000010 0.000010 0.194323 0.010173
0.000010 0.000010 0.000010 0.729987 0.000010 0.035062 0.000010 0.234891 0.000010
0.000010 0.000010 0.000010 0.789841 0.000010 0.017870 0.000010 0.192229 0.000010
0.000010 0.000010 0.000010 0.999920 0.000010 0.000010 0.000010 0.000010 0.000010
0.000010 0.000010 0.000010 0.827146 0.000010 0.063007 0.000010 0.109787 0.000010
0.000010 0.000010 0.000010 0.731243 0.000010 0.085368 0.000010 0.183328 0.000010
0.000010 0.000010 0.000010 0.999920 0.000010 0.000010 0.000010 0.000010 0.000010
0.000010 0.000010 0.000010 0.653080 0.000010 0.111540 0.000010 0.235320 0.000010
0.000010 0.000010 0.000010 0.775889 0.000010 0.000010 0.000010 0.224041 0.000010
0.000010 0.000010 0.000010 0.861831 0.000010 0.020135 0.000010 0.117975 0.000010
0.000010 0.000010 0.000010 0.999920 0.000010 0.000010 0.000010 0.000010 0.000010
0.000010 0.000010 0.000010 0.784885 0.000010 0.085434 0.000010 0.129621 0.000010
0.000010 0.000010 0.000010 0.999920 0.000010 0.000010 0.000010 0.000010 0.000010
0.000010 0.000010 0.000010 0.803940 0.000010 0.068246 0.000010 0.127754 0.000010
0.000010 0.000010 0.000010 0.842634 0.000010 0.000010 0.000010 0.157296 0.000010
0.000010 0.000010 0.000010 0.999920 0.000010 0.000010 0.000010 0.000010 0.000010
0.000010 0.000010 0.000010 0.705116 0.000010 0.000010 0.000010 0.294814 0.000010
0.000010 0.000010 0.000010 0.819742 0.000010 0.070600 0.000010 0.109598 0.000010
0.000010 0.000010 0.000010 0.817425 0.000010 0.002507 0.000010 0.180009 0.000010
0.000010 0.000010 0.000010 0.937236 0.000010 0.000010 0.000010 0.062694 0.000010
0.000010 0.000010 0.000010 0.000010 0.000010 0.999920 0.000010 0.000010 0.000010
0.000010 0.000010 0.000010 0.000010 0.000010 0.999920 0.000010 0.000010 0.000010
0.000010 0.000010 0.000010 0.000010 0.000010 0.999920 0.000010 0.000010 0.000010
0.000010 0.000010 0.000010 0.000010 0.000010 0.999920 0.000010 0.000010 0.000010
0.000010 0.000010 0.000010 0.000010 0.000010 0.999920 0.000010 0.000010 0.000010
0.000010 0.000010 0.000010 0.000010 0.000010 0.999920 0.000010 0.000010 0.000010
0.000010 0.000010 0.000010 0.000010 0.000010 0.999920 0.000010 0.000010 0.000010
0.000010 0.000010 0.000010 0.000010 0.000010 0.999920 0.000010 0.000010 0.000010
0.000010 0.000010 0.000010 0.000010 0.000010 0.999920 0.000010 0.000010 0.000010
0.000010 0.000010 0.000010 0.000010 0.000010 0.999920 0.000010 0.000010 0.000010
0.000010 0.000010 0.000010 0.000010 0.000010 0.999920 0.000010 0.000010 0.000010
0.000010 0.000010 0.000010 0.000010 0.000010 0.999920 0.000010 0.000010 0.000010
0.000010 0.000010 0.000010 0.000010 0.000010 0.999920 0.000010 0.000010 0.000010
0.000010 0.000010 0.000010 0.000010 0.000010 0.999920 0.000010 0.000010 0.000010
0.000010 0.000010 0.000010 0.000010 0.000010 0.999920 0.000010 0.000010 0.000010
0.000010 0.000010 0.000010 0.000010 0.000010 0.999920 0.000010 0.000010 0.000010
0.000010 0.000010 0.000010 0.000010 0.000010 0.999920 0.000010 0.000010 0.000010
0.000010 0.000010 0.551478 0.000010 0.000010 0.011742 0.000010 0.000010 0.436719
0.000010 0.000010 0.803826 0.000010 0.027471 0.000010 0.000010 0.000010 0.168643
0.000010 0.000010 0.571154 0.000010 0.000010 0.000010 0.000010 0.000010 0.428776
0.000010 0.000010 0.817460 0.000010 0.000010 0.000010 0.000010 0.000010 0.182470
0.000010 0.000010 0.465483 0.000010 0.000010 0.000010 0.000010 0.000010 0.534447
0.000010 0.000010 0.650345 0.000010 0.000010 0.000010 0.000010 0.000010 0.349585
0.000010 0.000010 0.805710 0.008782 0.000010 0.009609 0.000010 0.000010 0.175849
0.000010 0.000010 0.672976 0.000010 0.000010 0.009848 0.000010 0.000010 0.317116
0.000010 0.000010 0.715441 0.000010 0.000010 0.000010 0.000010 0.000010 0.284489
0.000010 0.000010 0.790303 0.000010 0.000010 0.000010 0.044800 0.000010 0.164837
0.022116 0.000010 0.768293 0.000010 0.019433 0.000010 0.020998 0.000010 0.169121
0.000010 0.000010 0.638806 0.000010 0.000010 0.031282 0.000010 0.000010 0.329852
0.000010 0.000410 0.788120 0.000010 0.000010 0.000010 0.023550 0.000010 0.187870
0.000010 0.051255 0.876488 0.000010 0.000010 0.009148 0.000010 0.000010 0.063059
0.000010 0.000010 0.421527 0.000010 0.000010 0.000010 0.000010 0.000010 0.578403
0.000010 0.000010 0.760676 0.000010 0.000010 0.010191 0.034728 0.015118 0.179246
0.000010 0.000010 0.578383 0.012542 0.000010 0.000010 0.000010 0.000010 0.409015
0.000010 0.000010 0.799373 0.000010 0.000010 0.000010 0.000010 0.000010 0.200557
0.000010 0.000010 0.731562 0.000010 0.000010 0.000010 0.000010 0.000010 0.268368
0.000010 0.000010 0.999920 0.000010 0.000010 0.000010 0.000010 0.000010 0.000010
0.000010 0.000010 0.606362 0.000010 0.000010 0.000010 0.000010 0.000010 0.393568
0.000010 0.000010 0.999920 0.000010 0.000010 0.000010 0.000010 0.000010 0.000010
0.000010 0.000010 0.841441 0.000010 0.000010 0.000010 0.000010 0.000010 0.158489
0.000010 0.000010 0.999920 0.000010 0.000010 0.000010 0.000010 0.000010 0.000010
0.000010 0.000010 0.746475 0.000010 0.000010 0.000010 0.000010 0.000010 0.253455
0.000010 0.000010 0.914331 0.000010 0.000010 0.000010 0.056665 0.000010 0.028944
0.000010 0.000010 0.894274 0.000010 0.000010 0.000010 0.000010 0.000010 0.105656
0.000010 0.000010 0.999920 0.000010 0.000010 0.000010 0.000010 0.000010 0.000010
0.000010 0.000010 0.967818 0.000010 0.020141 0.000010 0.011981 0.000010 0.000010
0.000010 0.000010 0.687794 0.000010 0.000010 0.000010 0.000010 0.000010 0.312136
0.000010 0.000010 0.999920 0.000010 0.000010 0.000010 0.000010 0.000010 0.000010
0.000010 0.018336 0.937216 0.000010 0.010090 0.000010 0.034308 0.000010 0.000010
0.000010 0.000010 0.808416 0.000010 0.000010 0.000010 0.000010 0.000010 0.191514
0.000010 0.000010 0.999920 0.000010 0.000010 0.000010 0.000010 0.000010 0.000010
0.000010 0.000010 0.999920 0.000010 0.000010 0.000010 0.000010 0.000010 0.000010
0.000010 0.000010 0.999920 0.000010 0.000010 0.000010 0.000010 0.000010 0.000010
0.000010 0.000010 0.999920 0.000010 0.000010 0.000010 0.000010 0.000010 0.000010
0.000010 0.000010 0.999920 0.000010 0.000010 0.000010 0.000010 0.000010 0.000010
0.000010 0.000010 0.661428 0.000010 0.003782 0.000010 0.044008 0.000010 0.290732
0.000010 0.000010 0.975733 0.000010 0.000010 0.000010 0.000010 0.000010 0.024197
0.000010 0.000010 0.752508 0.000010 0.000010 0.000010 0.014892 0.000010 0.232540
0.000010 0.000010 0.999920 0.000010 0.000010 0.000010 0.000010 0.000010 0.000010
0.000010 0.000010 0.999920 0.000010 0.000010 0.000010 0.000010 0.000010 0.000010
0.000010 0.025233 0.843978 0.000010 0.000010 0.001921 0.000010 0.000010 0.128818
0.000010 0.000010 0.999920 0.000010 0.000010 0.000010 0.000010 0.000010 0.000010
0.000010 0.000010 0.999920 0.000010 0.000010 0.000010 0.000010 0.000010 0.000010
0.000010 0.000010 0.996092 0.000010 0.003838 0.000010 0.000010 0.000010 0.000010
