0.000010 0.802370 0.040644 0.000010 0.156966
0.010550 0.847002 0.034297 0.000010 0.108141
0.044186 0.926824 0.028970 0.000010 0.000010
0.000010 0.891860 0.070732 0.000010 0.037388
0.028188 0.842624 0.064779 0.000010 0.064399
0.002020 0.845437 0.081157 0.000010 0.071376
0.103420 0.782456 0.024556 0.000010 0.089557
0.096086 0.847969 0.055924 0.000010 0.000010
0.026997 0.837639 0.083692 0.000010 0.051661
0.099935 0.824224 0.000010 0.000010 0.075821
0.115971 0.842286 0.041723 0.000010 0.000010
0.095599 0.858965 0.000010 0.000010 0.045416
0.012017 0.910139 0.029089 0.000010 0.048745
0.042369 0.909162 0.046413 0.000010 0.002046
0.060567 0.831646 0.041159 0.000010 0.066617
0.063291 0.911305 0.016054 0.009339 0.000010
0.105139 0.831538 0.037987 0.000010 0.025326
0.064865 0.876937 0.058178 0.000010 0.000010
0.132390 0.814476 0.024133 0.004964 0.024037
0.076451 0.834596 0.040300 0.006146 0.042506
0.034538 0.911670 0.000010 0.000010 0.053772
0.022825 0.838947 0.042752 0.010257 0.085219
0.020355 0.872983 0.000010 0.000010 0.106643
0.079541 0.813215 0.018387 0.000010 0.088846
0.067905 0.895772 0.033903 0.002410 0.000010
0.083826 0.826302 0.064845 0.000010 0.025017
0.150881 0.771297 0.036013 0.000010 0.041800
0.009980 0.861167 0.056909 0.000010 0.071934
0.035440 0.855566 0.058201 0.000010 0.050784
0.047989 0.863680 0.032935 0.000010 0.055386
0.069849 0.830378 0.099753 0.000010 0.000010
0.048098 0.841070 0.019571 0.000010 0.091252
0.021023 0.866309 0.013976 0.000010 0.098681
0.006441 0.867441 0.058813 0.000010 0.067294
0.001415 0.791102 0.048423 0.000010 0.159050
0.000010 0.895717 0.104253 0.000010 0.000010
0.000010 0.848808 0.151162 0.000010 0.000010
0.000010 0.831388 0.138842 0.000153 0.029606
0.027943 0.897102 0.074935 0.000010 0.000010
0.044066 0.885655 0.059666 0.000010 0.010604
0.001100 0.854406 0.066940 0.006064 0.071489
0.000010 0.884293 0.066199 0.004929 0.044570
0.000010 0.879735 0.099292 0.003505 0.017458
0.039946 0.858236 0.101798 0.000010 0.000010
0.000010 0.907722 0.073543 0.000010 0.018715
0.019603 0.859777 0.115497 0.005113 0.000010
0.033370 0.866675 0.090731 0.009214 0.000010
0.000010 0.843029 0.074754 0.000010 0.082197
0.000010 0.809985 0.108348 0.000010 0.081647
0.000335 0.877361 0.083746 0.012284 0.026273
0.084532 0.797317 0.074137 0.000010 0.044004
0.000010 0.888790 0.111180 0.000010 0.000010
0.063288 0.822113 0.080916 0.000010 0.033672
0.000010 0.819099 0.143045 0.000010 0.037835
0.000010 0.868417 0.131553 0.000010 0.000010
0.055333 0.823969 0.120678 0.000010 0.000010
0.000010 0.861978 0.077251 0.000010 0.060751
0.074409 0.691649 0.161586 0.000010 0.072346
0.042739 0.785989 0.171252 0.000010 0.000010
0.015788 0.772365 0.127755 0.000010 0.084082
0.000178 0.747923 0.240297 0.002735 0.008867
0.000010 0.807976 0.171873 0.000010 0.020131
0.039617 0.678136 0.231831 0.000010 0.050406
0.017453 0.760769 0.176268 0.000010 0.045500
0.000019 0.821696 0.141551 0.000010 0.036724
0.000010 0.754841 0.191774 0.000010 0.053364
0.000010 0.733812 0.155148 0.000010 0.111021
0.039977 0.756654 0.177210 0.000010 0.026149
0.068416 0.671117 0.182406 0.000010 0.078051
0.000010 0.788483 0.112218 0.000010 0.099279
0.000010 0.783534 0.104720 0.000010 0.111726
0.004368 0.856164 0.139448 0.000010 0.000010
0.142071 0.745441 0.103136 0.000010 0.009341
0.000010 0.750351 0.099565 0.000010 0.150064
0.047416 0.789026 0.163537 0.000010 0.000010
0.027135 0.708773 0.155320 0.013162 0.095610
0.028164 0.761190 0.166334 0.000010 0.044301
0.029649 0.764755 0.181413 0.000010 0.024173
0.000014 0.817765 0.113804 0.000010 0.068407
0.156910 0.657848 0.175272 0.000010 0.009960
0.048554 0.722511 0.156850 0.000010 0.072076
0.000010 0.064201 0.935769 0.000010 0.000010
0.000010 0.012430 0.943110 0.000010 0.044440
0.000010 0.035223 0.935476 0.000010 0.029282
0.001996 0.013772 0.984213 0.000010 0.000010
0.000010 0.000010 0.941872 0.000010 0.058098
0.070549 0.002364 0.883164 0.000010 0.043913
0.000010 0.000010 0.904038 0.000010 0.095932
0.018079 0.014843 0.827064 0.019639 0.120374
0.019368 0.075102 0.905510 0.000010 0.000010
0.000010 0.033022 0.937920 0.000010 0.029038
0.058331 0.004215 0.876878 0.000010 0.060566
0.000010 0.046197 0.931238 0.000010 0.022545
0.000010 0.043734 0.956236 0.000010 0.000010
0.059072 0.000010 0.940898 0.000010 0.000010
0.045509 0.017688 0.869665 0.000010 0.067128
0.075620 0.000010 0.901159 0.000010 0.023201
0.000010 0.000010 0.949758 0.000010 0.050212
0.084233 0.000010 0.915737 0.000010 0.000010
0.015267 0.000010 0.984703 0.000010 0.000010
0.000010 0.018787 0.981183 0.000010 0.000010
0.072972 0.000010 0.926998 0.000010 0.000010
0.083074 0.031389 0.885516 0.000010 0.000010
0.000010 0.000010 0.999960 0.000010 0.000010
0.000010 0.032262 0.873768 0.000010 0.093950
0.000010 0.000010 0.999960 0.000010 0.000010
0.046918 0.025888 0.910942 0.006574 0.009677
0.000010 0.000010 0.999960 0.000010 0.000010
0.000010 0.018108 0.981862 0.000010 0.000010
0.091603 0.000010 0.868467 0.000010 0.039910
0.000010 0.000010 0.945777 0.018261 0.035942
0.000010 0.000010 0.999960 0.000010 0.000010
0.071180 0.003510 0.925290 0.000010 0.000010
0.011877 0.000010 0.931696 0.000010 0.056406
0.006120 0.000010 0.910423 0.000010 0.083437
0.090389 0.000010 0.909581 0.000010 0.000010
0.000010 0.000010 0.999960 0.000010 0.000010
0.000010 0.028931 0.921374 0.000010 0.049675
0.028988 0.004698 0.921449 0.000010 0.044856
0.000010 0.000010 0.999960 0.000010 0.000010
0.000010 0.000010 0.925932 0.000010 0.074038
0.000010 0.007549 0.924704 0.000010 0.067727
0.021279 0.013076 0.944743 0.000010 0.020893
0.000010 0.000010 0.959038 0.000010 0.040932
0.046589 0.033969 0.919422 0.000010 0.000010
0.125503 0.000010 0.874467 0.000010 0.000010
0.053026 0.000010 0.881273 0.000010 0.065681
0.000010 0.000010 0.999960 0.000010 0.000010
0.045501 0.000010 0.954469 0.000010 0.000010
0.050853 0.000010 0.939417 0.008419 0.001301
0.000010 0.000010 0.999960 0.000010 0.000010
0.139705 0.000010 0.860265 0.000010 0.000010
0.000010 0.044397 0.934143 0.000010 0.021440
0.026150 0.000010 0.973820 0.000010 0.000010
0.045496 0.000010 0.902185 0.000010 0.052300
0.000010 0.007026 0.934166 0.000010 0.058788
0.122007 0.000010 0.877963 0.000010 0.000010
0.000010 0.001950 0.998020 0.000010 0.000010
0.026254 0.000010 0.965720 0.000010 0.008006
0.078057 0.000010 0.921913 0.000010 0.000010
0.060916 0.008674 0.930390 0.000010 0.000010
0.000010 0.065753 0.934217 0.000010 0.000010
0.079992 0.000010 0.919978 0.000010 0.000010
0.066417 0.023389 0.910174 0.000010 0.000010
0.000010 0.035966 0.933842 0.000010 0.030172
0.041832 0.029691 0.904376 0.000010 0.024091
0.051712 0.007797 0.870100 0.000010 0.070381
0.097140 0.000010 0.876642 0.000010 0.026199
0.045395 0.052772 0.901813 0.000010 0.000010
0.000010 0.031476 0.879477 0.000010 0.089026
0.231826 0.547286 0.000010 0.000010 0.220868
0.086536 0.660748 0.052737 0.000010 0.199970
0.169992 0.661377 0.000010 0.000010 0.168610
0.208514 0.555407 0.000010 0.000010 0.236059
0.038526 0.678342 0.062728 0.000010 0.220393
0.177811 0.591712 0.000010 0.000010 0.230458
0.082847 0.602998 0.052029 0.003324 0.258802
0.047421 0.659792 0.005937 0.000010 0.286840
0.176028 0.640446 0.003375 0.000010 0.180141
0.094131 0.673311 0.051760 0.000010 0.180789
0.183138 0.565790 0.000010 0.000010 0.251052
0.183526 0.646576 0.000010 0.000010 0.169878
0.210879 0.620245 0.000010 0.003027 0.165839
0.111685 0.554575 0.000010 0.000010 0.333719
0.165132 0.655755 0.000010 0.000010 0.179093
0.154937 0.652698 0.003233 0.000010 0.189122
0.080038 0.654083 0.000010 0.000010 0.265859
0.195651 0.598074 0.000010 0.000833 0.205433
0.122398 0.730341 0.026787 0.000010 0.120465
0.088082 0.585251 0.000010 0.000010 0.326647
0.212974 0.542800 0.000010 0.000010 0.244206
0.140172 0.688450 0.000010 0.000010 0.171358
0.095050 0.712852 0.041628 0.000010 0.150461
0.071716 0.690601 0.054666 0.000010 0.183007
0.058729 0.637676 0.077131 0.008837 0.217626
0.063051 0.711148 0.095750 0.000010 0.130041
0.153524 0.686602 0.004755 0.000010 0.155108
0.213081 0.575438 0.000010 0.000010 0.211461
0.173252 0.626720 0.014797 0.000010 0.185221
0.103796 0.663492 0.023969 0.000010 0.208733
0.131762 0.711301 0.000589 0.000010 0.156339
0.011225 0.721178 0.000010 0.000010 0.267576
0.039972 0.685183 0.000010 0.000010 0.274824
0.064152 0.734058 0.031091 0.000010 0.170689
0.066804 0.705890 0.000010 0.000500 0.226796
0.999960 0.000010 0.000010 0.000010 0.000010
0.994451 0.000010 0.000010 0.005519 0.000010
0.999960 0.000010 0.000010 0.000010 0.000010
0.999960 0.000010 0.000010 0.000010 0.000010
0.869694 0.000010 0.055255 0.000010 0.075031
0.906909 0.000010 0.000010 0.000010 0.093061
0.839998 0.000010 0.041272 0.000010 0.118710
0.999960 0.000010 0.000010 0.000010 0.000010
0.999960 0.000010 0.000010 0.000010 0.000010
0.999960 0.000010 0.000010 0.000010 0.000010
0.960937 0.000010 0.039033 0.000010 0.000010
0.999960 0.000010 0.000010 0.000010 0.000010
0.999960 0.000010 0.000010 0.000010 0.000010
0.999960 0.000010 0.000010 0.000010 0.000010
0.999960 0.000010 0.000010 0.000010 0.000010
0.930051 0.000010 0.069919 0.000010 0.000010
0.980422 0.000010 0.019548 0.000010 0.000010
0.999960 0.000010 0.000010 0.000010 0.000010
0.999960 0.000010 0.000010 0.000010 0.000010
0.999960 0.000010 0.000010 0.000010 0.000010
0.999960 0.000010 0.000010 0.000010 0.000010
0.999960 0.000010 0.000010 0.000010 0.000010
0.999960 0.000010 0.000010 0.000010 0.000010
0.948615 0.002864 0.048501 0.000010 0.000010
0.924518 0.000010 0.075452 0.000010 0.000010
0.906047 0.000010 0.093923 0.000010 0.000010
0.914433 0.060718 0.000010 0.000010 0.024829
0.999960 0.000010 0.000010 0.000010 0.000010
0.987456 0.000010 0.012514 0.000010 0.000010
0.999960 0.000010 0.000010 0.000010 0.000010
0.999960 0.000010 0.000010 0.000010 0.000010
0.999960 0.000010 0.000010 0.000010 0.000010
0.000010 0.830028 0.032565 0.000010 0.137386
0.015160 0.864221 0.042047 0.000010 0.078562
0.000010 0.861580 0.088025 0.007255 0.043131
0.074660 0.855313 0.070007 0.000010 0.000010
0.041694 0.893177 0.065109 0.000010 0.000010
0.104451 0.833772 0.061758 0.000010 0.000010
0.070209 0.853460 0.076311 0.000010 0.000010
0.006004 0.823182 0.148141 0.000010 0.022663
0.000010 0.843774 0.080061 0.000010 0.076145
0.088802 0.827705 0.066174 0.000010 0.017308
0.000010 0.901385 0.070000 0.000010 0.028595
0.065492 0.831686 0.102802 0.000010 0.000010
0.158084 0.762568 0.041878 0.000010 0.037460
0.032789 0.838812 0.119080 0.009310 0.000010
0.018666 0.828519 0.080964 0.000010 0.071841
0.094624 0.785492 0.037631 0.005779 0.076475
0.007414 0.801980 0.119768 0.000010 0.070828
0.055337 0.828044 0.073324 0.003804 0.039491
0.000010 0.853258 0.120382 0.000010 0.026341
0.031036 0.908565 0.060379 0.000010 0.000010
0.008782 0.857567 0.092604 0.000010 0.041037
0.000010 0.879153 0.119394 0.000010 0.001434
0.126284 0.822017 0.017597 0.000010 0.034092
0.047317 0.792031 0.060465 0.000010 0.100178
0.000018 0.895906 0.104056 0.000010 0.000010
0.101979 0.848753 0.000010 0.000010 0.049248
0.129582 0.870388 0.000010 0.000010 0.000010
0.088018 0.858398 0.053565 0.000010 0.000010
0.258394 0.009725 0.124906 0.000010 0.606965
0.288748 0.007043 0.071586 0.000010 0.632613
0.370683 0.000010 0.043237 0.000010 0.586060
0.375937 0.019576 0.049022 0.000010 0.555455
0.265694 0.004355 0.103307 0.000010 0.626634
0.278174 0.000010 0.139604 0.000010 0.582202
0.274419 0.006882 0.105261 0.000010 0.613428
0.296021 0.029839 0.090271 0.000010 0.583859
0.321177 0.016903 0.057353 0.000010 0.604557
0.272447 0.036532 0.095095 0.000010 0.595916
0.380618 0.000010 0.015382 0.000010 0.603981
0.328303 0.020579 0.000010 0.008197 0.642911
0.336474 0.028281 0.103616 0.000010 0.531619
0.294500 0.033344 0.098172 0.000010 0.573974
0.257810 0.009727 0.118337 0.000010 0.614116
0.281019 0.002409 0.062507 0.000010 0.654055
0.307344 0.003629 0.090305 0.000010 0.598712
0.355002 0.045904 0.017592 0.000010 0.581492
0.313069 0.000383 0.119317 0.000010 0.567221
0.328171 0.053179 0.057145 0.000010 0.561496
0.303108 0.024327 0.062119 0.000010 0.610436
0.331775 0.040747 0.051802 0.001468 0.574209
0.338925 0.030145 0.050657 0.000010 0.580263
0.254818 0.016405 0.046340 0.000010 0.682426
0.000010 0.860239 0.036292 0.000010 0.103449
0.036770 0.875211 0.030060 0.000010 0.057948
0.052930 0.847901 0.091645 0.000010 0.007513
0.041524 0.810490 0.092680 0.000010 0.055295
0.001464 0.913089 0.085427 0.000010 0.000010
0.113808 0.852727 0.033445 0.000010 0.000010
0.054476 0.868599 0.040760 0.000010 0.036155
0.011055 0.862834 0.061427 0.000010 0.064674
0.013192 0.856843 0.019164 0.000010 0.110792
0.149483 0.794722 0.000010 0.000010 0.055776
0.108008 0.878815 0.004328 0.008839 0.000010
0.094075 0.838967 0.066938 0.000010 0.000010
0.044019 0.846683 0.079882 0.000010 0.029405
0.082708 0.809025 0.023417 0.000010 0.084840
0.035651 0.870124 0.052623 0.000010 0.041593
0.046263 0.807938 0.031262 0.000010 0.114526
0.017861 0.825942 0.002124 0.000010 0.154062
0.074241 0.854250 0.006187 0.000010 0.065313
0.070006 0.788506 0.026984 0.000010 0.114493
0.078503 0.780102 0.040202 0.000010 0.101184
0.067164 0.887763 0.037691 0.000010 0.007372
0.183097 0.747778 0.012183 0.000010 0.056932
0.166590 0.800522 0.028814 0.000010 0.004064
0.204239 0.784032 0.000010 0.000010 0.011710
0.124632 0.602715 0.005342 0.000010 0.267301
0.151267 0.707690 0.016741 0.000010 0.124292
0.103454 0.665497 0.003669 0.000010 0.227370
0.142342 0.638579 0.036019 0.000010 0.183049
0.100703 0.595800 0.000010 0.000010 0.303477
0.071802 0.615883 0.003675 0.000010 0.308631
0.159050 0.652639 0.021121 0.006069 0.161120
0.084971 0.638720 0.000010 0.000010 0.276289
0.095725 0.638671 0.000010 0.000010 0.265584
0.000010 0.000010 0.000010 0.999960 0.000010
0.000010 0.000010 0.000010 0.999960 0.000010
0.000010 0.000010 0.000010 0.999960 0.000010
0.000010 0.000010 0.000010 0.986699 0.013271
0.000010 0.000010 0.000010 0.999960 0.000010
0.000010 0.000010 0.000010 0.999960 0.000010
0.000010 0.000010 0.000010 0.999960 0.000010
0.000010 0.000010 0.000010 0.999960 0.000010
0.000010 0.000010 0.000010 0.999960 0.000010
0.000010 0.000010 0.000010 0.999960 0.000010
0.000010 0.000010 0.000010 0.995503 0.004467
0.000010 0.000010 0.000010 0.999960 0.000010
0.000010 0.000010 0.000010 0.980701 0.019269
0.000010 0.000010 0.000010 0.999960 0.000010
0.000010 0.000010 0.000010 0.999960 0.000010
0.000010 0.000010 0.000010 0.999960 0.000010
0.000010 0.000010 0.000010 0.999960 0.000010
0.000010 0.000010 0.000010 0.999960 0.000010
0.000010 0.000010 0.000010 0.999960 0.000010
0.000010 0.000010 0.000010 0.999960 0.000010
0.000010 0.000010 0.000010 0.999960 0.000010
0.000010 0.000010 0.000010 0.999960 0.000010
0.000010 0.000010 0.000010 0.999960 0.000010
0.000010 0.000010 0.000010 0.999960 0.000010
0.000010 0.000010 0.000010 0.999960 0.000010
0.000010 0.000010 0.000010 0.999960 0.000010
0.000010 0.000010 0.000010 0.999960 0.000010
0.000010 0.000010 0.000010 0.999960 0.000010
0.000010 0.000010 0.000010 0.999960 0.000010
0.004329 0.000010 0.000010 0.995641 0.000010
0.020240 0.000010 0.000010 0.964161 0.015579
0.011109 0.000010 0.000010 0.988861 0.000010
0.000010 0.000010 0.000010 0.999960 0.000010
0.006429 0.000010 0.000010 0.993541 0.000010
0.000010 0.000010 0.000010 0.999960 0.000010
0.000010 0.000010 0.000010 0.999960 0.000010
0.000010 0.000010 0.000010 0.999960 0.000010
0.000010 0.000010 0.000010 0.999960 0.000010
0.000010 0.000010 0.000010 0.999960 0.000010
0.000010 0.000010 0.000010 0.999960 0.000010
0.000010 0.000010 0.000010 0.999960 0.000010
0.000010 0.000010 0.000010 0.999960 0.000010
0.000010 0.000010 0.000010 0.999960 0.000010
0.000010 0.000010 0.000010 0.999960 0.000010
0.000010 0.000010 0.000010 0.999960 0.000010
0.000010 0.000010 0.000010 0.999960 0.000010
0.000010 0.000010 0.000010 0.999960 0.000010
0.000010 0.000010 0.000010 0.999960 0.000010
0.000010 0.000010 0.000010 0.999960 0.000010
0.000010 0.000010 0.000010 0.999960 0.000010
0.004337 0.000010 0.000010 0.995633 0.000010
0.000010 0.000010 0.000010 0.999960 0.000010
0.017553 0.000010 0.000010 0.982417 0.000010
0.000010 0.000010 0.000010 0.999960 0.000010
0.000010 0.000010 0.000010 0.999960 0.000010
0.000010 0.000010 0.000010 0.999960 0.000010
0.000010 0.000010 0.000010 0.999960 0.000010
0.000010 0.000010 0.000010 0.999960 0.000010
0.000010 0.000010 0.000010 0.999960 0.000010
0.000010 0.000010 0.000010 0.999960 0.000010
0.000010 0.000010 0.000010 0.999960 0.000010
0.000010 0.000010 0.000010 0.999960 0.000010
0.000010 0.000010 0.000010 0.999960 0.000010
0.000010 0.000010 0.000010 0.999960 0.000010
0.000010 0.000010 0.000010 0.987250 0.012720
0.208353 0.000010 0.000010 0.707446 0.084181
0.254361 0.000010 0.000010 0.739372 0.006247
0.181859 0.011401 0.000010 0.743827 0.062903
0.211792 0.000010 0.000010 0.694178 0.094009
0.201549 0.000010 0.000010 0.739586 0.058845
0.185912 0.000010 0.000010 0.672572 0.141496
0.194592 0.000010 0.000010 0.699350 0.106038
0.156058 0.000010 0.000010 0.733294 0.110627
0.122056 0.000010 0.000010 0.701320 0.176604
0.214620 0.000010 0.000010 0.716958 0.068401
0.149145 0.000010 0.000010 0.730439 0.120397
0.213038 0.000010 0.000010 0.735229 0.051713
0.203376 0.000010 0.000010 0.707316 0.089288
0.215925 0.000010 0.000010 0.705043 0.079012
0.126426 0.000010 0.000010 0.757964 0.115590
0.210582 0.000010 0.000010 0.721994 0.067403
0.184273 0.000010 0.000010 0.722460 0.093246
0.000010 0.000010 0.000010 0.008378 0.991592
0.000010 0.000010 0.000010 0.000010 0.999960
0.017383 0.000010 0.000010 0.000010 0.982587
0.000010 0.000010 0.000010 0.000010 0.999960
0.089003 0.000010 0.000010 0.000010 0.910967
0.019852 0.000010 0.000010 0.000010 0.980118
0.000010 0.000010 0.000010 0.005994 0.993976
0.000010 0.000010 0.000010 0.000010 0.999960
0.000010 0.000010 0.000010 0.000010 0.999960
0.000010 0.000010 0.045356 0.000010 0.954614
0.000010 0.029667 0.045086 0.000010 0.925227
0.094140 0.000010 0.000010 0.011302 0.894538
0.000010 0.000010 0.032070 0.000010 0.967900
0.020247 0.000010 0.000010 0.000010 0.979723
0.052865 0.000010 0.000010 0.008975 0.938140
0.007525 0.000010 0.054683 0.019379 0.918403
0.052041 0.010176 0.000010 0.025405 0.912368
0.000010 0.000010 0.004911 0.000010 0.995059
0.000010 0.000010 0.000010 0.000010 0.999960
0.000010 0.000010 0.000010 0.000010 0.999960
0.063043 0.000010 0.000010 0.000010 0.936927
0.000010 0.000010 0.043486 0.000010 0.956484
0.000010 0.000010 0.000010 0.000010 0.999960
0.000010 0.000010 0.000010 0.000010 0.999960
0.004111 0.000010 0.000010 0.000010 0.995859
0.000010 0.000010 0.060238 0.000010 0.939732
0.000010 0.000010 0.000010 0.000010 0.999960
0.000010 0.000010 0.000010 0.000010 0.999960
0.000010 0.015308 0.029343 0.000010 0.955329
0.069593 0.000010 0.008983 0.000010 0.921404
0.000010 0.000010 0.002922 0.000010 0.997048
0.000010 0.005667 0.055935 0.000010 0.938378
0.026284 0.000010 0.000010 0.000010 0.973686
0.000010 0.000010 0.000010 0.000010 0.999960
0.000010 0.000010 0.000010 0.000010 0.999960
0.000010 0.000010 0.000010 0.010318 0.989652
0.000010 0.000010 0.000010 0.000010 0.999960
0.000010 0.000010 0.000010 0.000010 0.999960
0.015251 0.013410 0.065096 0.000010 0.906232
0.000010 0.000010 0.001035 0.000010 0.998935
0.052550 0.000010 0.038995 0.000010 0.908435
0.000010 0.000010 0.000010 0.000010 0.999960
0.000010 0.000010 0.000010 0.000010 0.999960
0.019398 0.000010 0.000010 0.000010 0.980572
0.000010 0.000010 0.056802 0.000010 0.943168
0.000010 0.000010 0.002468 0.000010 0.997502
0.000010 0.000010 0.007232 0.000010 0.992738
