0.000325 0.000010 0.000010 0.040558 0.801240 0.157857
0.012022 0.000010 0.000010 0.033839 0.845551 0.108568
0.043897 0.000010 0.000010 0.029759 0.926313 0.000010
0.000010 0.000583 0.000010 0.071416 0.891870 0.036111
0.028549 0.000010 0.000010 0.065331 0.842471 0.063629
0.004483 0.000010 0.000010 0.080967 0.844784 0.069747
0.108658 0.000010 0.000010 0.023552 0.781288 0.086482
0.094471 0.000010 0.000010 0.057061 0.848437 0.000010
0.028726 0.000010 0.000010 0.083647 0.837300 0.050306
0.102367 0.000478 0.000010 0.000010 0.822750 0.074385
0.117543 0.000010 0.000010 0.041399 0.841028 0.000010
0.097840 0.000010 0.000010 0.000010 0.858207 0.043923
0.013630 0.000010 0.000010 0.029416 0.909401 0.047534
0.044501 0.000010 0.000010 0.046567 0.908736 0.000175
0.060072 0.000010 0.000010 0.041760 0.831768 0.066379
0.064078 0.000010 0.009357 0.015685 0.910860 0.000010
0.106337 0.000010 0.000010 0.038113 0.831168 0.024362
0.063534 0.000010 0.000010 0.059228 0.877207 0.000010
0.137334 0.000010 0.008167 0.023142 0.812965 0.018381
0.078551 0.007711 0.000010 0.040978 0.834795 0.037955
0.038609 0.000010 0.000010 0.000010 0.910537 0.050823
0.023881 0.010922 0.000010 0.044298 0.838041 0.082849
0.022517 0.000010 0.000010 0.000010 0.871692 0.105761
0.086942 0.000010 0.000010 0.016344 0.811359 0.085335
0.066742 0.004704 0.000010 0.033758 0.894776 0.000010
0.086374 0.000010 0.000010 0.064192 0.825296 0.024118
0.155313 0.000010 0.000010 0.035279 0.770294 0.039094
0.011500 0.000010 0.000010 0.056891 0.860371 0.071217
0.038547 0.000010 0.000010 0.057604 0.854498 0.049330
0.049369 0.000010 0.000010 0.033040 0.863487 0.054084
0.070136 0.000010 0.000010 0.099950 0.829884 0.000010
0.049013 0.000010 0.000010 0.019891 0.840620 0.090456
0.020591 0.000010 0.000010 0.014793 0.866548 0.098049
0.006055 0.000010 0.000010 0.059287 0.867478 0.067159
0.001704 0.000010 0.000010 0.048946 0.791198 0.158133
0.000010 0.000010 0.000010 0.104540 0.895420 0.000010
0.000010 0.000010 0.000010 0.151535 0.848425 0.000010
0.000010 0.000971 0.000010 0.138983 0.831100 0.028926
0.028745 0.000010 0.000010 0.075035 0.896190 0.000010
0.048646 0.000010 0.001668 0.058742 0.884658 0.006276
0.002472 0.000010 0.007535 0.066363 0.853593 0.070027
0.000010 0.006705 0.000010 0.066692 0.885217 0.041367
0.000010 0.000010 0.006345 0.099364 0.879752 0.014519
0.038157 0.000010 0.000010 0.103169 0.858644 0.000010
0.000010 0.000010 0.000010 0.073557 0.906751 0.019661
0.020106 0.007119 0.000010 0.114462 0.858293 0.000010
0.031908 0.002453 0.006972 0.091945 0.866712 0.000010
0.000010 0.000010 0.000010 0.075485 0.843320 0.081165
0.000010 0.000010 0.000010 0.108614 0.809976 0.081381
0.000010 0.000010 0.013922 0.085203 0.879141 0.021715
0.087560 0.000010 0.000010 0.073935 0.796957 0.041529
0.000010 0.000010 0.000010 0.111543 0.888417 0.000010
0.063714 0.000010 0.000010 0.081468 0.822231 0.032567
0.000010 0.000010 0.000010 0.143468 0.818932 0.037570
0.000010 0.000010 0.000010 0.131976 0.867984 0.000010
0.054574 0.000010 0.000010 0.121503 0.823893 0.000010
0.000010 0.000887 0.000010 0.077287 0.861203 0.060604
0.077684 0.000010 0.000010 0.160826 0.690733 0.070738
0.041643 0.000010 0.000010 0.172075 0.786252 0.000010
0.017368 0.000010 0.000010 0.127217 0.771429 0.083967
0.000010 0.000010 0.004070 0.240502 0.747717 0.007691
0.000010 0.000010 0.000010 0.172221 0.807656 0.020094
0.041942 0.000010 0.000010 0.231305 0.677389 0.049344
0.019143 0.000010 0.000010 0.176406 0.760377 0.044054
0.000010 0.000010 0.000010 0.141896 0.821640 0.036434
0.000010 0.000010 0.000010 0.191505 0.754282 0.054183
0.000010 0.000010 0.000010 0.155300 0.733549 0.111121
0.041092 0.000010 0.000010 0.177353 0.756344 0.025191
0.071437 0.000010 0.000010 0.181729 0.669990 0.076824
0.000010 0.000010 0.000010 0.112763 0.788649 0.098558
0.000010 0.000010 0.000010 0.105279 0.783068 0.111624
0.002898 0.000010 0.000010 0.140533 0.856540 0.000010
0.144047 0.000010 0.000010 0.102584 0.744998 0.008351
0.000010 0.000010 0.000010 0.099347 0.749650 0.150972
0.046113 0.000010 0.000010 0.164522 0.789335 0.000010
0.019354 0.020036 0.000010 0.157094 0.710321 0.093185
0.028147 0.000010 0.000010 0.166645 0.760821 0.044367
0.032652 0.000010 0.000010 0.180825 0.763613 0.022890
0.000010 0.000010 0.000010 0.113534 0.817030 0.069406
0.161441 0.000010 0.000425 0.174132 0.656509 0.007482
0.049822 0.000010 0.000010 0.156883 0.721950 0.071325
0.000010 0.000010 0.000010 0.935808 0.064152 0.000010
0.000010 0.000010 0.000010 0.944240 0.012896 0.042834
0.000010 0.000010 0.000010 0.935071 0.035258 0.029640
0.002846 0.000010 0.000010 0.983426 0.013698 0.000010
0.000010 0.000010 0.000010 0.942125 0.000010 0.057835
0.069710 0.000010 0.000010 0.883485 0.002878 0.043907
0.000010 0.000010 0.000010 0.904222 0.000010 0.095738
0.020321 0.000010 0.020900 0.826471 0.013866 0.118432
0.017676 0.000010 0.000010 0.906494 0.075801 0.000010
0.000010 0.000010 0.000010 0.937370 0.033012 0.029588
0.057597 0.000010 0.000010 0.876257 0.004764 0.061362
0.000010 0.000010 0.000010 0.929710 0.045778 0.024481
0.000010 0.000010 0.000010 0.956399 0.043561 0.000010
0.063213 0.000010 0.000010 0.936747 0.000010 0.000010
0.044921 0.000010 0.000483 0.869424 0.017702 0.067461
0.078382 0.000010 0.000010 0.900208 0.000010 0.021380
0.000010 0.000010 0.000010 0.949472 0.000010 0.050488
0.088319 0.000010 0.000010 0.911641 0.000010 0.000010
0.016655 0.000010 0.000010 0.983305 0.000010 0.000010
0.000010 0.000010 0.000010 0.981221 0.018739 0.000010
0.072907 0.000010 0.000010 0.927053 0.000010 0.000010
0.086622 0.000010 0.000010 0.883355 0.029993 0.000010
0.000010 0.000010 0.000010 0.999950 0.000010 0.000010
0.000010 0.000010 0.000010 0.873384 0.032055 0.094531
0.000010 0.000010 0.000010 0.999950 0.000010 0.000010
0.048497 0.000010 0.007582 0.910267 0.025753 0.007891
0.000010 0.000010 0.000010 0.999950 0.000010 0.000010
0.000010 0.000010 0.000010 0.982026 0.017934 0.000010
0.095713 0.000010 0.000010 0.866576 0.000010 0.037681
0.000010 0.000010 0.018502 0.945732 0.000010 0.035736
0.000010 0.000010 0.000010 0.999950 0.000010 0.000010
0.071059 0.000010 0.000010 0.925271 0.003639 0.000010
0.011601 0.000010 0.000010 0.930958 0.000010 0.057410
0.008577 0.000010 0.004648 0.907604 0.000010 0.079151
0.092348 0.000010 0.000010 0.907612 0.000010 0.000010
0.000010 0.000010 0.000010 0.999950 0.000010 0.000010
0.000010 0.000010 0.000010 0.921856 0.029089 0.049025
0.028188 0.000010 0.000010 0.921913 0.005179 0.044700
0.000010 0.000010 0.000010 0.999950 0.000010 0.000010
0.000010 0.000010 0.000010 0.926476 0.000010 0.073484
0.000010 0.000010 0.000010 0.924652 0.007824 0.067494
0.022444 0.000010 0.000010 0.943416 0.012758 0.021362
0.000010 0.000010 0.000010 0.958423 0.000010 0.041537
0.043747 0.000010 0.000010 0.920959 0.035264 0.000010
0.125924 0.000010 0.000010 0.874036 0.000010 0.000010
0.058009 0.000010 0.000017 0.879366 0.000010 0.062588
0.000010 0.000010 0.000010 0.999950 0.000010 0.000010
0.045597 0.000010 0.000010 0.954363 0.000010 0.000010
0.054148 0.000010 0.008472 0.937350 0.000010 0.000010
0.000010 0.000010 0.000010 0.999950 0.000010 0.000010
0.141907 0.000010 0.000010 0.858053 0.000010 0.000010
0.000010 0.000010 0.000010 0.934462 0.044764 0.020744
0.026469 0.000010 0.000010 0.973491 0.000010 0.000010
0.043158 0.000010 0.000010 0.902308 0.000010 0.054504
0.000010 0.000010 0.000010 0.934117 0.007215 0.058637
0.123855 0.000010 0.000010 0.876105 0.000010 0.000010
0.000010 0.000010 0.000010 0.997631 0.002329 0.000010
0.024597 0.000010 0.000010 0.965420 0.000010 0.009953
0.077144 0.000010 0.000010 0.922816 0.000010 0.000010
0.064479 0.000010 0.000010 0.928289 0.007202 0.000010
0.000010 0.000010 0.000010 0.933563 0.065905 0.000502
0.081295 0.000010 0.000010 0.918665 0.000010 0.000010
0.069637 0.000010 0.000010 0.907806 0.022526 0.000010
0.000010 0.000010 0.000010 0.934062 0.035939 0.029970
0.041178 0.000010 0.000010 0.904032 0.029707 0.025063
0.053829 0.000010 0.000010 0.869534 0.007906 0.068710
0.099794 0.000010 0.000010 0.875709 0.000010 0.024467
0.044732 0.000010 0.000010 0.902033 0.053206 0.000010
0.000010 0.000010 0.000010 0.879207 0.031844 0.088919
0.236209 0.000010 0.000010 0.000010 0.547267 0.216494
0.088268 0.000010 0.000010 0.052546 0.660186 0.198981
0.173327 0.000010 0.000010 0.000010 0.660789 0.165854
0.210168 0.000010 0.000010 0.000010 0.555142 0.234660
0.040192 0.000010 0.000010 0.062460 0.677593 0.219735
0.182591 0.000010 0.000010 0.000010 0.590507 0.226871
0.085738 0.000010 0.004106 0.051532 0.602246 0.256368
0.046477 0.000010 0.000010 0.006328 0.660005 0.287169
0.177884 0.000010 0.000010 0.003535 0.640467 0.178094
0.097042 0.000010 0.000010 0.051586 0.672381 0.178972
0.187527 0.000010 0.000010 0.000010 0.564885 0.247558
0.186235 0.000010 0.000010 0.000010 0.645715 0.168020
0.214499 0.000010 0.003407 0.000010 0.620855 0.161219
0.115382 0.000010 0.000010 0.000010 0.553873 0.330715
0.171518 0.000010 0.000010 0.000010 0.653907 0.174545
0.160369 0.000010 0.000010 0.002663 0.651795 0.185154
0.082436 0.000010 0.000010 0.000010 0.653661 0.263872
0.200221 0.000010 0.004241 0.000010 0.597815 0.197703
0.122747 0.000010 0.000010 0.027435 0.730916 0.118882
0.090721 0.000010 0.000010 0.000010 0.584728 0.324520
0.216187 0.000010 0.000010 0.000010 0.542015 0.241768
0.146691 0.000010 0.000010 0.000010 0.686974 0.166305
0.098620 0.000010 0.000010 0.041177 0.712018 0.148165
0.073146 0.000010 0.000010 0.055029 0.691111 0.180694
0.060642 0.000010 0.009319 0.077365 0.637935 0.214729
0.067112 0.000010 0.000010 0.095141 0.710297 0.127429
0.158131 0.000010 0.000010 0.004350 0.685789 0.151711
0.218678 0.000010 0.000010 0.000010 0.575259 0.206033
0.178258 0.000010 0.000010 0.014182 0.625884 0.181656
0.102824 0.000013 0.000010 0.024973 0.664478 0.207702
0.133338 0.000010 0.000010 0.000250 0.710992 0.155399
0.013244 0.000010 0.000010 0.000010 0.721107 0.265619
0.042183 0.000010 0.000010 0.000010 0.684309 0.273477
0.064786 0.000010 0.000010 0.032268 0.734116 0.168810
0.066236 0.004746 0.000010 0.000010 0.706049 0.222949
0.999950 0.000010 0.000010 0.000010 0.000010 0.000010
0.992903 0.000010 0.007057 0.000010 0.000010 0.000010
0.999950 0.000010 0.000010 0.000010 0.000010 0.000010
0.999950 0.000010 0.000010 0.000010 0.000010 0.000010
0.876934 0.000010 0.000010 0.051778 0.000010 0.071258
0.902831 0.000010 0.000010 0.000010 0.000010 0.097129
0.833875 0.000010 0.000010 0.044863 0.000010 0.121231
0.999950 0.000010 0.000010 0.000010 0.000010 0.000010
0.999950 0.000010 0.000010 0.000010 0.000010 0.000010
0.999950 0.000010 0.000010 0.000010 0.000010 0.000010
0.959838 0.000010 0.000010 0.040122 0.000010 0.000010
0.999950 0.000010 0.000010 0.000010 0.000010 0.000010
0.999950 0.000010 0.000010 0.000010 0.000010 0.000010
0.999950 0.000010 0.000010 0.000010 0.000010 0.000010
0.999950 0.000010 0.000010 0.000010 0.000010 0.000010
0.929128 0.000010 0.000010 0.070832 0.000010 0.000010
0.982352 0.000010 0.000010 0.017608 0.000010 0.000010
0.999950 0.000010 0.000010 0.000010 0.000010 0.000010
0.999950 0.000010 0.000010 0.000010 0.000010 0.000010
0.999950 0.000010 0.000010 0.000010 0.000010 0.000010
0.999950 0.000010 0.000010 0.000010 0.000010 0.000010
0.999950 0.000010 0.000010 0.000010 0.000010 0.000010
0.999950 0.000010 0.000010 0.000010 0.000010 0.000010
0.947384 0.000010 0.000010 0.047975 0.004612 0.000010
0.923171 0.000010 0.000010 0.076789 0.000010 0.000010
0.902398 0.000010 0.000010 0.097562 0.000010 0.000010
0.900400 0.000010 0.000010 0.000010 0.064463 0.035108
0.999950 0.000010 0.000010 0.000010 0.000010 0.000010
0.986791 0.000010 0.000010 0.013169 0.000010 0.000010
0.999950 0.000010 0.000010 0.000010 0.000010 0.000010
0.999950 0.000010 0.000010 0.000010 0.000010 0.000010
0.999950 0.000010 0.000010 0.000010 0.000010 0.000010
0.000010 0.000010 0.000010 0.032661 0.829623 0.137686
0.014320 0.000010 0.000010 0.042474 0.864197 0.078990
0.000010 0.008406 0.000010 0.088772 0.862068 0.040733
0.074752 0.000010 0.000010 0.070303 0.854915 0.000010
0.042478 0.000010 0.000010 0.065004 0.892488 0.000010
0.106808 0.000164 0.000010 0.060975 0.832033 0.000010
0.069443 0.000010 0.000010 0.077066 0.853460 0.000010
0.004879 0.000010 0.000010 0.149178 0.823247 0.022676
0.000010 0.000010 0.000010 0.079971 0.843376 0.076623
0.094948 0.000010 0.000010 0.065397 0.826573 0.013061
0.000010 0.000010 0.000268 0.070376 0.901673 0.027663
0.066386 0.000010 0.000010 0.102631 0.830953 0.000010
0.161922 0.000010 0.000010 0.041492 0.761832 0.034734
0.031231 0.011169 0.000010 0.119269 0.838311 0.000010
0.018890 0.000010 0.000010 0.081349 0.828554 0.071187
0.099525 0.000010 0.006587 0.036178 0.783902 0.073797
0.007274 0.000010 0.000010 0.120363 0.801937 0.070405
0.055123 0.004869 0.000010 0.074487 0.828815 0.036696
0.000010 0.000010 0.000010 0.120439 0.852797 0.026734
0.030231 0.000010 0.000010 0.061273 0.908466 0.000010
0.011129 0.000010 0.000010 0.092076 0.856394 0.040381
0.000010 0.002248 0.000010 0.119442 0.878280 0.000010
0.130247 0.000010 0.000010 0.017008 0.821701 0.031024
0.047544 0.000010 0.000010 0.060494 0.791546 0.100396
0.000010 0.000010 0.001093 0.103793 0.895083 0.000010
0.106297 0.000010 0.000010 0.000010 0.847161 0.046512
0.131453 0.000010 0.000010 0.000010 0.868507 0.000010
0.089532 0.000010 0.000010 0.052968 0.857470 0.000010
0.258685 0.000010 0.000010 0.124673 0.010531 0.606091
0.290729 0.000010 0.004302 0.070274 0.007074 0.627610
0.372157 0.000010 0.000010 0.042996 0.000010 0.584817
0.377573 0.000010 0.000010 0.048912 0.020412 0.553083
0.264586 0.000010 0.000010 0.102867 0.005418 0.627110
0.278550 0.000010 0.000010 0.139501 0.000010 0.581918
0.274747 0.000010 0.000010 0.104801 0.007567 0.612865
0.291790 0.000010 0.000010 0.092115 0.030957 0.585118
0.322238 0.000010 0.000010 0.057527 0.017927 0.602288
0.270212 0.000010 0.000010 0.095555 0.037796 0.596417
0.383458 0.000010 0.000010 0.013624 0.000010 0.602888
0.328201 0.009333 0.000010 0.000010 0.020790 0.641656
0.336213 0.000010 0.000010 0.102799 0.029829 0.531138
0.295458 0.000010 0.000010 0.097486 0.033465 0.573571
0.258728 0.000010 0.000010 0.117886 0.010338 0.613027
0.281421 0.000010 0.000010 0.061253 0.004254 0.653052
0.309388 0.000010 0.000010 0.090458 0.003661 0.596473
0.356791 0.000010 0.000010 0.016885 0.046374 0.579930
0.310354 0.000010 0.000010 0.120240 0.001586 0.567800
0.329191 0.000010 0.000010 0.056511 0.053534 0.560745
0.302574 0.000010 0.000010 0.061867 0.025364 0.610175
0.335189 0.001975 0.000010 0.050545 0.040725 0.571556
0.341188 0.000010 0.000010 0.049585 0.030029 0.579178
0.254545 0.000010 0.000010 0.046285 0.017248 0.681902
0.000010 0.000010 0.000010 0.036273 0.859307 0.104390
0.037878 0.000010 0.000010 0.030228 0.874713 0.057161
0.054422 0.000010 0.000010 0.090997 0.846620 0.007941
0.042697 0.000010 0.000010 0.093018 0.809972 0.054293
0.004668 0.000010 0.000010 0.084202 0.911100 0.000010
0.117105 0.000010 0.000010 0.031976 0.850889 0.000010
0.055630 0.000010 0.000010 0.041164 0.868229 0.034957
0.013978 0.000010 0.000010 0.061165 0.861944 0.062892
0.013307 0.000010 0.000010 0.019240 0.856787 0.110645
0.153377 0.000010 0.000010 0.000010 0.793392 0.053202
0.108743 0.009965 0.000010 0.003556 0.877716 0.000010
0.092060 0.000010 0.000010 0.068211 0.839699 0.000010
0.047976 0.000010 0.000010 0.078965 0.844988 0.028052
0.083161 0.000010 0.000010 0.023795 0.808730 0.084293
0.036262 0.000010 0.000010 0.053632 0.870627 0.039459
0.048097 0.000010 0.000010 0.031098 0.807310 0.113475
0.018108 0.000010 0.000010 0.002273 0.825403 0.154196
0.077967 0.000010 0.000010 0.005442 0.852821 0.063750
0.074051 0.000010 0.000010 0.026092 0.787121 0.112716
0.079011 0.000010 0.000010 0.040811 0.779964 0.100194
0.068360 0.000010 0.000010 0.038079 0.887426 0.006114
0.185408 0.000010 0.000010 0.011887 0.747115 0.055570
0.168902 0.000010 0.000010 0.028230 0.799927 0.002921
0.205203 0.000010 0.000010 0.000010 0.783562 0.011206
0.127891 0.000010 0.000010 0.004808 0.602052 0.265229
0.151357 0.000010 0.000010 0.017121 0.707756 0.123745
0.105663 0.000010 0.000010 0.002932 0.664757 0.226628
0.144268 0.000010 0.000010 0.036595 0.638667 0.180450
0.100163 0.000010 0.000010 0.000010 0.596444 0.303363
0.074555 0.000010 0.000010 0.003712 0.615301 0.306412
0.162002 0.000010 0.007672 0.020994 0.652490 0.156832
0.086597 0.000010 0.000010 0.000010 0.638335 0.275038
0.101411 0.000010 0.000010 0.000010 0.637480 0.261079
0.000010 0.000010 0.999950 0.000010 0.000010 0.000010
0.000010 0.000010 0.999950 0.000010 0.000010 0.000010
0.000010 0.000010 0.999950 0.000010 0.000010 0.000010
0.000010 0.000010 0.999950 0.000010 0.000010 0.000010
0.000010 0.000010 0.999950 0.000010 0.000010 0.000010
0.000010 0.069171 0.930789 0.000010 0.000010 0.000010
0.000010 0.064172 0.935788 0.000010 0.000010 0.000010
0.000010 0.000010 0.999950 0.000010 0.000010 0.000010
0.000010 0.000010 0.999950 0.000010 0.000010 0.000010
0.000010 0.000010 0.999950 0.000010 0.000010 0.000010
0.000010 0.000010 0.999950 0.000010 0.000010 0.000010
0.000010 0.139725 0.860235 0.000010 0.000010 0.000010
0.000010 0.000010 0.999950 0.000010 0.000010 0.000010
0.000010 0.000010 0.999950 0.000010 0.000010 0.000010
0.000010 0.000010 0.999950 0.000010 0.000010 0.000010
0.000010 0.000010 0.999950 0.000010 0.000010 0.000010
0.000010 0.000010 0.999950 0.000010 0.000010 0.000010
0.000010 0.000010 0.999950 0.000010 0.000010 0.000010
0.000010 0.068985 0.930975 0.000010 0.000010 0.000010
0.000010 0.000010 0.999950 0.000010 0.000010 0.000010
0.000010 0.000010 0.999950 0.000010 0.000010 0.000010
0.000010 0.000010 0.999950 0.000010 0.000010 0.000010
0.000010 0.000010 0.999950 0.000010 0.000010 0.000010
0.000010 0.000010 0.999950 0.000010 0.000010 0.000010
0.000010 0.000010 0.999950 0.000010 0.000010 0.000010
0.000010 0.000010 0.999950 0.000010 0.000010 0.000010
0.000010 0.000010 0.999950 0.000010 0.000010 0.000010
0.000010 0.052321 0.947639 0.000010 0.000010 0.000010
0.000010 0.000010 0.999950 0.000010 0.000010 0.000010
0.000010 0.000010 0.999950 0.000010 0.000010 0.000010
0.006151 0.000010 0.993809 0.000010 0.000010 0.000010
0.000010 0.000010 0.999950 0.000010 0.000010 0.000010
0.000010 0.000010 0.999950 0.000010 0.000010 0.000010
0.000010 0.744154 0.255806 0.000010 0.000010 0.000010
0.000010 0.871475 0.128485 0.000010 0.000010 0.000010
0.000010 0.811583 0.188377 0.000010 0.000010 0.000010
0.000010 0.999950 0.000010 0.000010 0.000010 0.000010
0.000018 0.876663 0.123289 0.000010 0.000010 0.000010
0.000010 0.761249 0.238711 0.000010 0.000010 0.000010
0.000010 0.999950 0.000010 0.000010 0.000010 0.000010
0.000010 0.999950 0.000010 0.000010 0.000010 0.000010
0.000010 0.865223 0.134737 0.000010 0.000010 0.000010
0.000010 0.885732 0.114228 0.000010 0.000010 0.000010
0.000010 0.828616 0.171344 0.000010 0.000010 0.000010
0.000010 0.932036 0.067924 0.000010 0.000010 0.000010
0.000010 0.804154 0.195806 0.000010 0.000010 0.000010
0.000010 0.783994 0.215966 0.000010 0.000010 0.000010
0.000010 0.821539 0.178421 0.000010 0.000010 0.000010
0.000010 0.999950 0.000010 0.000010 0.000010 0.000010
0.000010 0.913002 0.086958 0.000010 0.000010 0.000010
0.000010 0.807835 0.192125 0.000010 0.000010 0.000010
0.000010 0.999950 0.000010 0.000010 0.000010 0.000010
0.008749 0.751383 0.239838 0.000010 0.000010 0.000010
0.000010 0.786952 0.213008 0.000010 0.000010 0.000010
0.000010 0.854344 0.145616 0.000010 0.000010 0.000010
0.000010 0.999950 0.000010 0.000010 0.000010 0.000010
0.000010 0.869630 0.130330 0.000010 0.000010 0.000010
0.000010 0.999950 0.000010 0.000010 0.000010 0.000010
0.000010 0.878318 0.121636 0.000015 0.000010 0.000010
0.000010 0.847990 0.151970 0.000010 0.000010 0.000010
0.000010 0.999941 0.000010 0.000019 0.000010 0.000010
0.000010 0.704169 0.295791 0.000010 0.000010 0.000010
0.000010 0.906974 0.092986 0.000010 0.000010 0.000010
0.000010 0.834540 0.165420 0.000010 0.000010 0.000010
0.000010 0.890861 0.109099 0.000010 0.000010 0.000010
0.176826 0.727192 0.000010 0.005454 0.000010 0.090509
0.247917 0.726174 0.020331 0.000010 0.000010 0.005558
0.163714 0.716023 0.035819 0.000010 0.000010 0.084425
0.186508 0.699144 0.000010 0.000010 0.000010 0.114318
0.195071 0.673550 0.069818 0.000010 0.000010 0.061542
0.165012 0.644008 0.033116 0.000010 0.000010 0.157844
0.184429 0.631708 0.068978 0.000010 0.000010 0.114866
0.115093 0.744757 0.000010 0.000010 0.000010 0.140120
0.090191 0.715226 0.000010 0.000010 0.000010 0.194553
0.202139 0.721004 0.000010 0.000010 0.000010 0.076828
0.122652 0.740596 0.000010 0.000010 0.000010 0.136722
0.194400 0.684734 0.053557 0.000010 0.000010 0.067289
0.179835 0.659184 0.055304 0.005252 0.000010 0.100415
0.201684 0.704945 0.003571 0.000010 0.000010 0.089780
0.101519 0.703129 0.060324 0.000010 0.000010 0.135008
0.184086 0.730319 0.000010 0.000010 0.000010 0.085565
0.146932 0.739717 0.000010 0.000010 0.000010 0.113320
0.000010 0.000010 0.010978 0.000010 0.000010 0.988982
0.000010 0.000010 0.000010 0.000010 0.000010 0.999950
0.021939 0.000010 0.000010 0.000010 0.000010 0.978021
0.000010 0.000010 0.000010 0.000010 0.000010 0.999950
0.089933 0.000010 0.000010 0.000010 0.000010 0.910027
0.024443 0.000010 0.000010 0.000010 0.000010 0.975517
0.000010 0.016152 0.000010 0.000670 0.000010 0.983148
0.000010 0.000010 0.000010 0.000010 0.000010 0.999950
0.000010 0.000010 0.000010 0.000010 0.000010 0.999950
0.000010 0.000010 0.000010 0.045018 0.000010 0.954942
0.000010 0.000010 0.000010 0.044057 0.030334 0.925579
0.094453 0.000010 0.013165 0.000010 0.000010 0.892352
0.000010 0.000010 0.000010 0.031579 0.000010 0.968381
0.020097 0.000010 0.000010 0.000010 0.000010 0.979863
0.054300 0.000010 0.012299 0.000010 0.000010 0.933371
0.009855 0.000010 0.021871 0.053734 0.000010 0.914520
0.048430 0.028201 0.000010 0.000010 0.011158 0.912191
0.000010 0.000010 0.000010 0.005370 0.000010 0.994590
0.000010 0.000010 0.000010 0.000010 0.000010 0.999950
0.000010 0.000010 0.000010 0.000010 0.000010 0.999950
0.066825 0.000010 0.000010 0.000010 0.000010 0.933135
0.000010 0.000010 0.000010 0.043180 0.000010 0.956780
0.000010 0.000010 0.000010 0.000010 0.000010 0.999950
0.000010 0.000010 0.000010 0.000010 0.000010 0.999950
0.007700 0.000010 0.000010 0.000010 0.000010 0.992260
0.000010 0.000010 0.000010 0.060109 0.000010 0.939851
0.000010 0.000010 0.000010 0.000010 0.000010 0.999950
0.000010 0.000010 0.000010 0.000010 0.000010 0.999950
0.000010 0.000010 0.000010 0.029168 0.015680 0.955123
0.072988 0.000010 0.000010 0.007633 0.000010 0.919349
0.000010 0.000010 0.000010 0.003203 0.000010 0.996757
0.000010 0.000010 0.000010 0.055458 0.006306 0.938206
0.029512 0.000010 0.000014 0.000010 0.000010 0.970444
0.000010 0.000010 0.000010 0.000010 0.000010 0.999950
0.000010 0.000010 0.000010 0.000010 0.000010 0.999950
0.000010 0.015685 0.000010 0.000010 0.000010 0.984275
0.000010 0.000010 0.000010 0.000010 0.000010 0.999950
0.000010 0.000010 0.000010 0.000010 0.000010 0.999950
0.013667 0.000010 0.000010 0.066660 0.014193 0.905460
0.000010 0.000010 0.000010 0.002214 0.000010 0.997746
0.055580 0.000010 0.000010 0.037742 0.000010 0.906647
0.000010 0.000010 0.000010 0.000010 0.000010 0.999950
0.000010 0.000010 0.000010 0.000010 0.000010 0.999950
0.018448 0.000010 0.000010 0.000010 0.000010 0.981512
0.000010 0.000010 0.000010 0.055633 0.000010 0.944327
0.000010 0.005715 0.000010 0.004426 0.000010 0.989829
0.000010 0.000010 0.000010 0.006203 0.000010 0.993757
