V1	V2	V3	V4	V5	V6	V7	
1	0	11.01344434	21.98595596	43.88689087	51.15366307	122.5063757	124.6842978
2	11.01344434	0	10.97251653	32.87384048	40.17185472	112.2594918	114.1594261
3	21.98595596	10.97251653	0	21.90233999	29.25625202	102.215526	103.7795134
4	43.88689087	32.87384048	21.90233999	0	7.800283918	82.6869825	83.36349289
5	51.15366307	40.17185472	29.25625202	7.800283918	0	74.96119759	75.56500821
6	122.5063757	112.2594918	102.215526	82.6869825	74.96119759	0	9.252644153
7	124.6842978	114.1594261	103.7795134	83.36349289	75.56500821	9.252644153	0
